,sigma,function,mae_nn_interp.,mae_nn_extrap.,mae_mdl_interp.,mae_mdl_extrap.,rmse_nn_interp.,rmse_nn_extrap.,rmse_mdl_interp.,rmse_mdl_extrap.,n,r
0,0.0,tanh,0.02285597207119953,0.13366563769829834,0.0007836348729034664,0.00862724858440282,0.026332369184632602,0.1474268560213459,0.001022046611697734,0.008936298827455329,0,0
1,0.0,tanh,0.0127740605958786,0.05764105906686047,0.011467113378515395,454.6317455470494,0.01512690657983231,0.05878984501255687,0.01488630055759058,1291.5115773314278,1,0
2,0.0,tanh,0.00594515745460571,0.36028742727912916,0.008551671888878827,0.4133610750557233,0.01205796194098851,0.37991346655984076,0.011445772463129559,0.4587637251083596,2,0
3,0.0,tanh,0.003908850358687601,0.2779010647739342,0.0005270153481060564,0.09782072513923476,0.004950960729312014,0.3247392601608837,0.0007220578095076601,0.11774559730080361,3,0
4,0.0,tanh,0.0019347567399944044,0.014719206122151876,0.0005545867553065274,0.0068295272777778365,0.00255024940971953,0.017861786189981278,0.0007258762447198648,0.007297962518560171,4,0
5,0.0,tanh,0.0032873311839995644,0.13511264920677563,0.0022400826989033007,0.0923919681743523,0.004166343992676644,0.16882507748810854,0.0035920705051517856,0.1173761754212943,5,0
6,0.0,tanh,0.0022146454206792804,0.05069164959754696,0.0024717358203682,0.09368099048257496,0.0026513128097333497,0.057176096457148835,0.0031757206832816152,0.10721380494362309,6,0
7,0.0,tanh,0.003926220027935792,0.005741151468214749,0.0006129098443312293,0.06075617405380505,0.0055604621321392895,0.008227293632757055,0.0007708880364105868,0.07571109773623717,7,0
8,0.0,tanh,0.0006027856976545192,0.041242827873421,0.000213142702783596,0.0916231817970727,0.0006808835322632827,0.05120283662298532,0.0002571812244765506,0.12800336932266754,8,0
9,0.0,tanh,0.0013840772598894793,0.012721671566917846,4.7889660697947675e-05,0.026285486659219846,0.0016376369292399303,0.014975901893406468,6.548966114914182e-05,0.031003255598923012,9,0
10,0.0,tanh,0.011279785400835763,0.09208226611707454,0.0027724749997298072,0.48531851174775376,0.015950879757617557,0.0971230103735194,0.003411632406601723,0.613443622229974,0,1
11,0.0,tanh,0.010754029643404803,0.0763493080249154,0.010750797332774424,0.012676841677628335,0.012861756433027408,0.07853866551866664,0.015861016556628894,0.016801592187731126,1,1
12,0.0,tanh,0.004398461293845988,0.17404153119889945,0.004941184061563341,0.19946741166742474,0.007857425872607982,0.1796424707317407,0.00659458075917931,0.23667627111122794,2,1
13,0.0,tanh,0.002255211213564476,0.10832613001770802,0.00027934106044936086,5.572775001058137,0.0026213981617624173,0.12980460666763083,0.0007012312244544865,16.226606187611157,3,1
14,0.0,tanh,0.005028629297239149,0.040926993848206084,0.0005968790977860462,0.005315679836915948,0.007038808189980564,0.042551733642081896,0.0008223393453259817,0.007549296994758198,4,1
15,0.0,tanh,0.004219282763041934,0.0766636282233576,0.0003411188920093446,inf,0.007658580321089469,0.09605898132809192,0.0006512159297953157,inf,5,1
16,0.0,tanh,0.004855078993772097,0.043505666193800994,0.0005266395294114546,0.09891862792702877,0.005616761558997678,0.046835638406896224,0.0006481145962656254,0.1318252894359756,6,1
17,0.0,tanh,0.004280387492061982,0.014281558965216112,0.002935111193588437,0.011901712183951101,0.005766440073923714,0.020000485160684242,0.003814124459803497,0.01468041724130385,7,1
18,0.0,tanh,0.0014689923473090644,0.013842560535290437,0.00016482055958711304,0.01260619271544108,0.0018955352513009077,0.015704195592878806,0.00026951434903417563,0.0141538480532863,8,1
19,0.0,tanh,0.00213759887435867,0.028584381176285957,7.385147918029015e-05,0.006918480838047185,0.002984707408121489,0.035585365922888475,0.00010136573676299588,0.008712785109122772,9,1
20,0.0,tanh,0.014442583377836294,0.0966761449809356,0.0581498899826788,0.026824897654539482,0.0178865460592515,0.10365227741856492,0.0721531200410343,0.030869130122483414,0,2
21,0.0,tanh,0.009007919635574539,0.021214487116968266,0.009380987251074393,0.06329886165547033,0.010509487037808778,0.021252401979351934,0.01132476238922982,0.07806167561607641,1,2
22,0.0,tanh,0.0039022057937562723,0.16983969075422367,0.006275308563890104,0.11892412257325215,0.007364600220826111,0.17538481791183783,0.007734137675827568,0.12402657849157118,2,2
23,0.0,tanh,0.0020581027211055243,0.09263468828767935,0.0006092548146466384,0.0427312360543751,0.002510615791042094,0.11352277764575826,0.0008580973515692639,0.06301572801615038,3,2
24,0.0,tanh,0.0017541989037158775,0.008712393888722417,0.0018600773575968928,0.00558217285389643,0.0020932952100343734,0.008969985376392998,0.002628320599751203,0.005908435368867544,4,2
25,0.0,tanh,0.004358434356778142,0.09376904075955446,0.00014588506935383865,0.0850098167913793,0.006260589913217098,0.11916449219467874,0.00029243010829743476,0.1052366915407031,5,2
26,0.0,tanh,0.002963118315098225,0.0030458768431040374,0.0014957565239755671,0.060722643057494766,0.003660829475291471,0.003366886177379734,0.001849193286662314,0.07170860225063878,6,2
27,0.0,tanh,0.007397098543326277,0.02295300966416149,0.0030388826453756784,0.7235651529472324,0.008726351121776348,0.02339761953045486,0.0037536735695033203,1.2988511820522197,7,2
28,0.0,tanh,0.0013854611822911992,0.03545316408683823,6.400952040019073e-05,0.03283672430092104,0.0016948491018449225,0.04029754619741541,9.892514927572722e-05,0.04247330773157002,8,2
29,0.0,tanh,0.0013750553829145118,0.026759041672478636,6.767530409708065e-05,0.042770149747655514,0.002175891094170037,0.03325519654202444,0.00011110895627483225,0.051798090698184064,9,2
30,0.02,tanh,0.019656194399143626,0.05819096230256062,0.03548714803558807,0.006298592771639288,0.024095207919894456,0.064261983685154,0.041804369072685386,0.007677760379607074,0,0
31,0.02,tanh,0.015844209385548445,0.17081828923513415,0.021360494514831376,0.013088732568766356,0.020492853310370252,0.18016850963802336,0.03720030574064663,0.014481494300815084,1,0
32,0.02,tanh,0.018562291311584038,0.02605847574916536,0.013002480362793471,2.457880364638579,0.026981964310242842,0.0314905186537129,0.033022189804487866,2.9492383604244425,2,0
33,0.02,tanh,0.006448629041622356,0.11407022154660942,0.006101867930024569,0.6222054790102676,0.007983628489430909,0.13705205374687585,0.008377713967139978,0.7752994692931684,3,0
34,0.02,tanh,0.007009152986960924,0.03881196221223563,0.004125015799865378,0.037254834443880225,0.010385471423323286,0.03989761760727717,0.005710742130632108,0.03845840222279641,4,0
35,0.02,tanh,0.01041046039310685,0.0754417485311622,0.006243266696096861,0.09665898968189456,0.013700143665027987,0.09468634412267292,0.008005486956068309,0.12250873627401421,5,0
36,0.02,tanh,0.010350693403979852,0.028494788129468325,0.012816672136617614,0.09519013829019786,0.012545264099542977,0.030933406630597994,0.01879790955085598,0.10084835712601152,6,0
37,0.02,tanh,0.013451259829731799,0.008485014066072522,0.011593323263294526,0.06286741300698481,0.01653860803654675,0.010589199504215396,0.015879013710073893,0.0669315020236425,7,0
38,0.02,tanh,0.012706836114488284,0.03493086034462952,0.008932235545654355,0.29746876506557435,0.016396164742191587,0.03509092966259172,0.011708963809341224,0.3465290268608971,8,0
39,0.02,tanh,0.013443861029971166,0.049441957475819656,0.008492291318240218,0.0357845093577965,0.019958086761427178,0.05175966365652372,0.00972596052738758,0.045100396795979485,9,0
40,0.02,tanh,0.02907288783508839,0.04999985616694432,0.03690079678397176,0.01397885011620952,0.03428360330463221,0.056357928685850614,0.043527167870449364,0.015241698537709595,0,1
41,0.02,tanh,0.015643526245124943,0.1610966109042652,0.010387554386821787,0.17025921401722233,0.02035032124168442,0.1708368288347553,0.012905525728433969,0.19027549146042835,1,1
42,0.02,tanh,0.024010575861736237,0.01756153638742274,0.016105180865143877,2.394708421449476,0.02972186683310571,0.022550842476162857,0.031835397078389095,2.878966866260274,2,1
43,0.02,tanh,0.00945697216278546,0.1254249216128662,0.006117958400570613,0.6995691524202445,0.011643872120542244,0.148906203119138,0.008479159821944205,0.8704440915179217,3,1
44,0.02,tanh,0.010600428763624903,0.012192657404440442,0.005307256789187002,0.04825368952148823,0.012103372633016675,0.012207593926455412,0.009046965948727843,0.049188919389124244,4,1
45,0.02,tanh,0.007889103468105011,0.08603228163879521,0.0066135697882012895,0.09268078869036131,0.010080325112213254,0.10855525499544835,0.008413327113722481,0.11774410692491735,5,1
46,0.02,tanh,0.023128986970692492,0.04946633200677359,0.015839217412484626,0.14345971141705166,0.02753130823944947,0.05192426031235693,0.021753793129774796,0.15160549704075404,6,1
47,0.02,tanh,0.006251053743697793,0.008166367403492424,0.004531695762773854,0.12393354772887064,0.007825264953554794,0.008794384812450156,0.006495580584930003,0.138237212995663,7,1
48,0.02,tanh,0.008937270167719067,0.02886091046453254,0.01357312151876075,0.027875886437963366,0.0120334793883109,0.029163160373273055,0.01679877602197977,0.03145797860986964,8,1
49,0.02,tanh,0.0059600448921479825,0.03826439077230457,0.010658112693699057,0.3149720284088992,0.009029658960764261,0.0467918553078442,0.012857469954292442,0.37376193051840034,9,1
50,0.02,tanh,0.022979552177961476,0.06150986949083131,0.018809635197736298,0.724761181454333,0.0270570791979891,0.06727537926450552,0.025778860605285097,0.7683688599835533,0,2
51,0.02,tanh,0.01402014736883952,0.14123982622360579,0.015628643752737145,0.22719901721170668,0.018540257532405457,0.14847797671609975,0.01899389339311779,0.2520377443160497,1,2
52,0.02,tanh,0.02225842192426887,0.017480147517957855,0.017437809753420467,2.3428299091013174,0.029274420844733376,0.023307214981023637,0.026721963786509356,2.932408736389718,2,2
53,0.02,tanh,0.012178011103532978,0.3155474939534439,0.008889006433604768,0.94566867365028,0.015967639454358758,0.3535594907183509,0.01184525284828664,1.1916853908001865,3,2
54,0.02,tanh,0.009724716110008282,0.13075342693567005,0.0050524129657804435,0.021443686574215484,0.01650858684859934,0.13525732015276815,0.008575818461315825,0.02347263833791943,4,2
55,0.02,tanh,0.028514706519950417,0.2624194367720149,0.012106357184702073,0.09574459586146437,0.03876911160284218,0.2950615089945472,0.014264272619396483,0.12145408059042802,5,2
56,0.02,tanh,0.009308764154917486,0.017630378990023253,0.016711855659948583,0.6236509340308767,0.011028736728884157,0.017802267138679065,0.02554430036839093,0.7245018965849355,6,2
57,0.02,tanh,0.008357590949381861,0.008955867880407682,0.007873488932306742,1569.7914575881252,0.010593379220829112,0.009799746237829178,0.012462807987274161,4926.223300377661,7,2
58,0.02,tanh,0.011194544091425566,0.012174811941751249,0.010594394536620175,0.29558236270674704,0.012815524476445779,0.01406095684843788,0.012272238052981,0.34292069167121797,8,2
59,0.02,tanh,0.008985575290534035,0.052936820405831315,0.011074774023928717,0.39914310658361185,0.010020297368240874,0.05995471287530522,0.013149948992291051,0.4553574008427984,9,2
60,0.04,tanh,0.017142545394239244,0.10562547337795396,0.048745252903005805,5.4059382546713755,0.01921872898486444,0.11122008364674087,0.06408955737727354,8.38416532559901,0,0
61,0.04,tanh,0.013283119088713638,0.037414061449378096,0.041050680957013655,0.018209353029944225,0.015645521216518927,0.03786491237585137,0.05122669821764663,0.023908707302952407,1,0
62,0.04,tanh,0.019580492610119554,0.03579610788043708,0.03397574327396093,0.7832919902856929,0.025234015539648495,0.04115872049234097,0.041462416865715994,0.918983239110205,2,0
63,0.04,tanh,0.018094558216262255,0.12268883493378524,0.02123392986975819,0.216628536123662,0.02061120857854042,0.14811522663895244,0.024755657524430746,0.2795578384093856,3,0
64,0.04,tanh,0.03998327295132375,0.1420945752304758,0.015462028072912973,0.016080380784791324,0.05082926663384608,0.14370715408907497,0.024581754780877582,0.018680274712959,4,0
65,0.04,tanh,0.026417444948900786,0.08703763473061893,0.02814763759654798,inf,0.03545276659070033,0.10974105264334907,0.07932352429276035,inf,5,0
66,0.04,tanh,0.011266818621117825,0.04807258152738603,0.01874635412812762,0.024415487351973277,0.014050456304633486,0.0562432722318179,0.02165234572033684,0.028679149402365944,6,0
67,0.04,tanh,0.01798501647833461,0.4526997847673758,0.04141064521900263,0.09356380454831921,0.02384320960679768,0.4848515903316772,0.05460293148515509,0.0972255400470989,7,0
68,0.04,tanh,0.017194445246637772,0.16887469138138705,0.01595539937547756,0.02681683605627008,0.020185216003595314,0.18742948166721324,0.018167384883439563,0.029659663948080776,8,0
69,0.04,tanh,0.012794057751305309,0.01178859834910219,0.008434960474565224,0.23718510540878018,0.014674657066939512,0.018761207930736937,0.009978170658284387,0.26823939148829656,9,0
70,0.04,tanh,0.01693017763146167,0.14258451787882423,0.03602719399021062,0.010996411363753757,0.022099569613039865,0.14860297791954052,0.04413863430780164,0.012127364325776512,0,1
71,0.04,tanh,0.02375023345958829,0.06843429309032299,0.02975191037896433,0.4330764826872823,0.02712631472277841,0.07490940997411098,0.03984769149530629,0.46566248401132687,1,1
72,0.04,tanh,0.018666131144499266,0.4935482954856846,0.03786668652208313,0.8919767562730971,0.028266238417249203,0.5214950554922615,0.04444542525630951,1.0313200471840211,2,1
73,0.04,tanh,0.015608533060970401,0.3893448311772327,0.024821356663748573,0.1265895965775462,0.0194014229836937,0.46581160407740113,0.032339300994418965,0.16135622855706377,3,1
74,0.04,tanh,0.018133554914007012,0.009165289264819907,0.010636361633865136,0.02996537745998525,0.02104986292525805,0.01112482771645221,0.019812059855821917,0.03144946494274858,4,1
75,0.04,tanh,0.01954505375516745,0.07703651602774889,0.02406047895622002,0.12448982069043446,0.02209249639453643,0.09686170525765213,0.03756507680086131,0.13085513737038934,5,1
76,0.04,tanh,0.020220869690577584,0.04543606688032675,0.024298099633779373,0.09292671495364796,0.024086735257956567,0.04582389337135954,0.03165700700255581,0.09381731609910723,6,1
77,0.04,tanh,0.02031681790310996,0.1277758613372735,0.04372575619887525,0.09057891305635862,0.02486896431627855,0.12950544346867066,0.054345198854841056,0.09507911097760827,7,1
78,0.04,tanh,0.03025752666927361,0.11183063628486592,0.036132556478985174,1.402246709498765,0.03815580436058242,0.11317248387051343,0.04371079173345359,1.7200492163008292,8,1
79,0.04,tanh,0.024377607026887425,0.028585739778840286,0.022830843025842595,0.011961370677850558,0.03362908486851356,0.03159507690161238,0.02566995487565498,0.01315210003492672,9,1
80,0.04,tanh,0.03826764782124412,0.05129665944224804,0.03780769665880996,0.015541124643409215,0.04712908472798805,0.057169566455906096,0.044083904985783975,0.01686403474284358,0,2
81,0.04,tanh,0.019350186185081122,0.19065301743114668,0.06383654007413395,0.09816286236867601,0.02344047112678891,0.2028786986541842,0.08163837150387315,0.12108071146908658,1,2
82,0.04,tanh,0.015740146921907987,0.05413311689370509,0.016512241638243264,0.30775642674293563,0.02168890989846079,0.058386465418843896,0.021010798253721135,0.3551067923806748,2,2
83,0.04,tanh,0.022295782125523432,0.0905060347991883,0.010770513703447337,0.7948332577156765,0.025653728185743532,0.11247185221929813,0.018097521527787083,1.0275829220028803,3,2
84,0.04,tanh,0.01914543080283364,0.017258674385071827,0.009526649568288777,0.012411296663087074,0.022010750849446908,0.01991528673903001,0.015185820725997959,0.014473872817886329,4,2
85,0.04,tanh,0.015022927489947055,0.24477594350252288,0.01434585328386357,0.10870928799310312,0.02339462037099282,0.2684570016716256,0.016993001956543654,0.1335799611184704,5,2
86,0.04,tanh,0.016562694512470957,0.020835326884189567,0.033033449646960214,0.19675076836405317,0.021485571935264916,0.021488600767660553,0.046325349669671764,0.1990405267065501,6,2
87,0.04,tanh,0.025070402437212643,0.017128225765597107,0.017681422757385965,0.06147477856690366,0.032496042853303375,0.02100927956862967,0.02361741002385623,0.06482224536352893,7,2
88,0.04,tanh,0.017102407892326962,0.1612595683237516,0.018221631145403545,0.06031312205137951,0.021367388960567345,0.16723456520027358,0.022627233643355248,0.060625399783044175,8,2
89,0.04,tanh,0.01455836272786846,0.08943095054269455,0.01262793750877191,0.3159558950935006,0.016745423278622856,0.09879131761050433,0.013992292427861652,0.3787349792374918,9,2
90,0.06,tanh,0.03933539813191319,0.07261070421985966,0.036382785223749416,0.012981283823498245,0.04966354208489766,0.07998703229188961,0.045295954846229274,0.014247416375253305,0,0
91,0.06,tanh,0.08816506785889028,0.19174932925692803,0.06778595638576074,0.11425639739710945,0.10252683425864526,0.1931226895245028,0.0892429285283214,0.11440784322084153,1,0
92,0.06,tanh,0.03811755837221052,0.4198066779544314,0.04707877663948026,0.14196449366683392,0.04640700585215715,0.4322080551148179,0.051259349315335344,0.14463726875024482,2,0
93,0.06,tanh,0.028298121849361493,0.039239043457966596,0.023076967000103643,0.2734978193143368,0.03437804912964675,0.04560809451747325,0.026585403673183024,0.33881602039735437,3,0
94,0.06,tanh,0.02605762721093201,0.013220773045117755,0.019411226610879805,0.01610790192964729,0.03142345198676776,0.013799355580828593,0.032398525607196964,0.018724583179360706,4,0
95,0.06,tanh,0.030780332007747744,0.06124729379162131,0.023993994505191206,0.12630398768815732,0.039750989607784226,0.0740350106889337,0.037668059561960385,0.13273388653999912,5,0
96,0.06,tanh,0.02984357368272337,0.25364324203916205,0.03694522593734521,0.2557695152752689,0.037674771058887044,0.26499407852123885,0.044613238671206666,0.2993900209289615,6,0
97,0.06,tanh,0.013603788729774025,0.03652172622261376,0.09210977136195907,0.011832201473373865,0.02393681980443124,0.04266793800394929,0.11090266665847728,0.01376971935180133,7,0
98,0.06,tanh,0.042737748033637134,0.3462889615699075,0.03743430113378898,1.5916810077194021,0.059459353395737484,0.3510408058896409,0.043194210880079,1.9744903629547592,8,0
99,0.06,tanh,0.03567695663700866,0.03837158599691096,0.036689899713537415,0.5693619346159269,0.044449710338535654,0.043983480102976,0.05334453453078815,0.6121637901730698,9,0
100,0.06,tanh,0.04310236605758135,0.05437829869133318,0.04246697614035397,0.022123892108112293,0.054066120342160816,0.0612412801296965,0.048565830108717706,0.02369405873576734,0,1
101,0.06,tanh,0.0296739138254589,0.260426584409123,0.13615585997183263,0.29213512796585794,0.03695933219859699,0.2691152456938231,0.16525708793102484,0.2925145174055573,1,1
102,0.06,tanh,0.0410976472034499,0.34252479102812405,0.07552089255017326,0.4349025755028453,0.0678560005797177,0.34924141748938525,0.09118352710374811,0.45267785661791404,2,1
103,0.06,tanh,0.021458737607056032,0.3468292114908884,0.021435618186669333,0.20513739440411094,0.025075206055223006,0.39448737673199674,0.02532685062615321,0.26635182714723815,3,1
104,0.06,tanh,0.03293276895260774,0.1904990432002684,0.015390684649764364,0.015918515812987255,0.04390912694521809,0.2138286703867097,0.02404926437050557,0.018433974586981428,4,1
105,0.06,tanh,0.030159191276377492,0.17440667297778936,0.02988767402523256,0.13882687784561776,0.033356845647579396,0.21112042088945615,0.04324180097221194,0.14575219127448422,5,1
106,0.06,tanh,0.023084192079641148,0.06527922052607396,0.03562323506548131,0.20342360836380666,0.03136448632959209,0.06560467920170515,0.04639820972937319,0.20735097522582852,6,1
107,0.06,tanh,0.038670967240918425,0.14674757126604399,0.09228252087763332,0.012308594918396941,0.0506790260122009,0.14722531150453474,0.11075842209476612,0.013985483759297618,7,1
108,0.06,tanh,0.021134797833881048,0.15598798472655212,0.01746770532282978,0.04256906483039857,0.025470903173012153,0.16263425157383263,0.01966099806140547,0.04296184267696552,8,1
109,0.06,tanh,0.0329978207604175,0.19132618901907006,0.02536031227624764,0.013063813563256048,0.038738243590054074,0.2115715646013022,0.02836474111201967,0.016509303755256548,9,1
110,0.06,tanh,0.03972681479779196,0.0276380156444963,0.03805489551489968,0.01481344021304184,0.04965848505697004,0.031359296031837416,0.044503231567546445,0.016095588301755323,0,2
111,0.06,tanh,0.032590179915977104,0.04476528273434809,0.07671197122975967,0.46268696650502084,0.0387622092816691,0.050665455455349014,0.10576942660466784,0.4840153972253037,1,2
112,0.06,tanh,0.05576153046936081,0.3159145661238043,0.07553760087475535,0.42758731104628156,0.07079244710981,0.3218919010907382,0.0909183016585856,0.4455227939182489,2,2
113,0.06,tanh,0.0280604031139569,0.1132058790868716,0.02170406105834865,0.197319853932641,0.034401749501212435,0.1395927182050393,0.02594707143401807,0.2569925118921852,3,2
114,0.06,tanh,0.035396751054461634,0.003633056680883759,0.04232980266711917,0.3915586956283378,0.0411500689883228,0.003807555325371783,0.09823925052177473,0.4807148594596013,4,2
115,0.06,tanh,0.028774101783709764,0.1317658429017657,0.024053299750313166,0.12468809901530606,0.03964114305783322,0.16412486725765638,0.037573638130406976,0.13106034100644748,5,2
116,0.06,tanh,0.020586324325971763,0.20147133508312032,0.03238203959461484,8.987875693831768e+27,0.02516299174606862,0.217682540878777,0.07289878338908574,5.60062696383581e+28,6,2
117,0.06,tanh,0.030006184664483126,0.540200450953459,0.05901677409710447,0.09963174687194779,0.03782977667370358,0.5837852969259132,0.06604828090865658,0.123567368939721,7,2
118,0.06,tanh,0.02297975653311721,0.02922622253678218,0.036224730565605025,1.4513197048208135,0.028260335920992904,0.031393150741439155,0.042839330755083276,1.7856688660582236,8,2
119,0.06,tanh,0.029324941160169937,0.033147964288611595,0.03290171822083294,0.030504650650171303,0.03948999981160391,0.0378818360667368,0.0391063496854344,0.043227313576963695,9,2
120,0.08,tanh,0.04820785941236708,0.050556785827922765,0.07032164868915805,0.29444983688385773,0.0642612912458308,0.055435034890485006,0.0840263983146312,0.3115663578461877,0,0
121,0.08,tanh,0.06037792260928311,0.03589892035801055,0.0751236663060842,0.04867415959626323,0.0849540462361587,0.039693650072063255,0.09936163886436718,0.04875405034314309,1,0
122,0.08,tanh,0.07644769212435379,0.47321998713230434,0.05317031421322298,0.2258730849668118,0.10129529204896677,0.48589353058702545,0.0668374201496566,0.2511915972751491,2,0
123,0.08,tanh,0.046050697086106554,0.13538453815179008,0.08826963353526686,0.2330197211958189,0.058520844321105776,0.13625837323614035,0.09972136462214883,0.23376962544341476,3,0
124,0.08,tanh,0.041777828883105946,0.058554541221755345,0.019963459100983252,0.01609006844098159,0.05476445805176549,0.06129521048387582,0.03088521305307693,0.01869557767828834,4,0
125,0.08,tanh,0.03724318483959528,0.17858917163362956,0.027263383296408223,0.08792081813955252,0.054551061405085415,0.19408944418695476,0.044201687507925316,0.09354875065132581,5,0
126,0.08,tanh,0.03952713093354238,0.05741840702517144,0.049169950280848175,0.27442065624946305,0.053776027275826456,0.06131484265103009,0.07376689149652987,0.27606695381397583,6,0
127,0.08,tanh,0.01774786911487379,0.023645972153093903,0.09366430395697409,0.01675229631159281,0.02285766921449419,0.02598910165215714,0.1105758635475885,0.01867275708807514,7,0
128,0.08,tanh,0.04148566665397193,0.02480149738978188,0.037504590142755714,1.2504214577780608,0.048068456744681604,0.029347577511690513,0.04301161244641528,1.567281591631683,8,0
129,0.08,tanh,0.03257839208490894,0.021722644825073373,0.02375045358492692,0.017283730966458074,0.04416761113390789,0.02713859204104666,0.028270228035118066,0.020515416452507478,9,0
130,0.08,tanh,0.043115937050365497,0.07906237026346588,0.0742401945474578,0.26923652439520995,0.054335370377741714,0.08033630466768196,0.08735467992746188,0.2873861758120681,0,1
131,0.08,tanh,0.08058370160990265,0.09330988536767917,0.13572774743073762,0.27077987391392555,0.09004858720043174,0.09506271986716368,0.16562269893374193,0.271189140671634,1,1
132,0.08,tanh,0.0527606545715171,0.25767418923562907,0.07461368077501745,0.4031554370090127,0.06794459798639625,0.2615718820354242,0.09063875637343473,0.4214321956338026,2,1
133,0.08,tanh,0.03626656835058254,0.09600692140681545,0.08563244325444476,0.2403592791996316,0.04350752038280401,0.12314913950521639,0.09856843629863496,0.2410863546763767,3,1
134,0.08,tanh,0.027986671876203968,0.12130568797824644,0.02074028775434089,0.016106472910706566,0.03317815204688736,0.1270382464649803,0.03165276300040116,0.018722176021094546,4,1
135,0.08,tanh,0.04411256395664858,0.06573857498849305,0.030234653455309384,0.09265394774336473,0.05454635423050565,0.08377406064874256,0.04493690966442507,0.09907600402412985,5,1
136,0.08,tanh,0.03414251382825926,0.1997943631511868,0.05170683021293278,0.27442065624946305,0.03846526003056467,0.21402191104894144,0.0739301262783198,0.27606695381397583,6,1
137,0.08,tanh,0.034808241113047506,0.13391054458379795,0.09274926922752798,0.013721941919064843,0.04235342281415154,0.13602026108805806,0.11057673170295092,0.015201690167089497,7,1
138,0.08,tanh,0.06896114824019618,0.2508919285087194,0.03615962932410186,1.4316702654600146,0.08484970520729122,0.25305828823444115,0.04311703329122675,1.7593686880805872,8,1
139,0.08,tanh,0.05520071237274383,0.0625711557413721,0.07186402152990023,0.815054483147598,0.06467230382784463,0.06635485803423401,0.08071224995676675,0.94002178918244,9,1
140,0.08,tanh,0.04723395268458862,0.09075264381452829,0.07026854609099119,0.38969765315801963,0.056427001046500766,0.09317213059200695,0.08914093150219515,0.4062805876725836,0,2
141,0.08,tanh,0.11408406148135898,0.22250360061767763,0.13907269534574757,0.31854846565995293,0.13404866995665055,0.22264557124575254,0.16858827575570093,0.318896432836255,1,2
142,0.08,tanh,0.03556601306962599,0.07642053167445782,0.04175590368068316,0.032577450538243645,0.04792720022866219,0.08070267742137378,0.053091445765943844,0.03558412647110027,2,2
143,0.08,tanh,0.054178553104057135,0.4911907447615839,0.02156721708605782,0.2546209359001269,0.060693340641488076,0.5283582733932115,0.025279415734810132,0.3201538808841577,3,2
144,0.08,tanh,0.05218591985960795,0.09270923003871359,0.021508768570156617,0.016104918311423508,0.06008918023524884,0.11153435488004614,0.03387857929699177,0.018719608170446465,4,2
145,0.08,tanh,0.026535854818209484,0.3027977091546505,0.02648433451346686,0.09349039983647676,0.035226199849853916,0.3720947134808811,0.0424493852857144,0.09916010994593218,5,2
146,0.08,tanh,0.03154481209423438,0.250611857486646,0.028205282324119216,0.10379368149253834,0.035589288032448034,0.28134990312927505,0.035768546279342464,0.10505634506825967,6,2
147,0.08,tanh,0.033231554058772726,0.509909516791361,0.09263200203240268,0.01335726954398008,0.04760913889621459,0.5268871977248086,0.1106048519857079,0.014849210465782494,7,2
148,0.08,tanh,0.04167317368167788,0.44711890208381133,0.05861201817048099,0.33956435905933646,0.061650772193082584,0.45835594379506156,0.07466420482534203,0.45156348382069794,8,2
149,0.08,tanh,0.01962956850889679,0.30851701155062955,0.030477328571342558,0.03889679062549288,0.02543526915571328,0.33851616384376726,0.03816703555824131,0.0430899968555439,9,2
150,0.1,tanh,0.03985696913974887,0.12456331617053945,0.0694726937341405,0.37478081447766204,0.049989922991692234,0.131968517128383,0.08661545213677287,0.391131542856665,0,0
151,0.1,tanh,0.04404997741329783,0.22996769184990962,0.13690786163911867,0.3012899055248148,0.05265037410737605,0.23664711983790937,0.16594383887290817,0.3016577813889934,1,0
152,0.1,tanh,0.03797530520279752,0.33944891772655783,0.07566495799696275,0.46974084398645344,0.04351033658211017,0.36175886706770605,0.09695670241548096,0.4864888901835414,2,0
153,0.1,tanh,0.03718316649070631,0.29057377601392914,0.08205420161534524,0.25108856312732974,0.04668275679299743,0.3006270624051044,0.09785399646314365,0.2517846576881211,3,0
154,0.1,tanh,0.0520059130715671,0.042217903216338656,0.04232980266711917,0.3915586956283378,0.07364416571300632,0.05208515644553766,0.09823925052177473,0.4807148594596013,4,0
155,0.1,tanh,0.07128388802784043,1.1810976044347279,0.024255998601394588,0.1379959151026083,0.0863090772662714,1.271008422306534,0.03975906976462449,0.14491023464759664,5,0
156,0.1,tanh,0.06857742264263887,1.039982892934436,0.05201752087334535,3.3211036398793276e+29,0.09266029135085925,1.1141208805554574,0.08114685593747088,2.080821942106989e+30,6,0
157,0.1,tanh,0.053410832919146986,0.755471331140058,0.10536937907750696,0.05394984518670219,0.059832389381640046,0.8469375080303325,0.11911461891951344,0.05567697887897738,7,0
158,0.1,tanh,0.04195929851613065,0.47922926058926235,0.036153529008491433,1.4278011909917872,0.05658140278692231,0.5209788654388292,0.04318271627983967,1.754194007322447,8,0
159,0.1,tanh,0.06405946480955209,0.06459930922118315,0.047539738675162986,0.04416019354522305,0.09056751605471745,0.07342626972134737,0.05311077783389056,0.0520946307078109,9,0
160,0.1,tanh,0.04675246404667992,0.22915237239041555,0.06706599443657353,0.33500608607872356,0.05747624283245315,0.24367430735674092,0.08386584417057469,0.35169037761809396,0,1
161,0.1,tanh,0.05089877792846578,0.07325140075031716,0.13570811029404808,0.28395182983953604,0.06167729228729543,0.07558470774437367,0.1650711114478386,0.284342138225411,1,1
162,0.1,tanh,0.04054879841602765,0.20140774331723105,0.1859027387207372,0.06068309935821119,0.059600797625141776,0.20512145505003587,0.21070658322882882,0.07022839205268257,2,1
163,0.1,tanh,0.052756308303836444,0.1939267337083797,0.05536733754431751,0.1571623505192206,0.07380163690404666,0.19562435678668544,0.07783940479884366,0.17628813873474417,3,1
164,0.1,tanh,0.04580813150265686,0.2019323056030306,0.04418488194743242,0.03220782206995317,0.06396030366042758,0.2048428103095758,0.09407187802819952,0.032251723102957076,4,1
165,0.1,tanh,0.04074114109717806,0.8933685390965207,0.05314201603501011,0.18856604685668796,0.07229400398397444,0.916462232102031,0.06770846670221607,0.19795653236823435,5,1
166,0.1,tanh,0.05622598510984681,0.7355390758545461,0.0346005905987791,0.11503284782014025,0.0698232681899806,0.7749987588482043,0.050278723496221735,0.12393075162567795,6,1
167,0.1,tanh,0.057765466821234325,0.6601959756702436,0.09257329656482621,0.013182097198208427,0.07139549507961318,0.7135872203449728,0.11062165249981662,0.014688496216953546,7,1
168,0.1,tanh,0.06520625766746836,0.21829870203369703,0.05904291204681659,0.3746022331800347,0.08363109739379647,0.23219743348014069,0.07448683984814596,0.49389862937579243,8,1
169,0.1,tanh,0.06685713770850871,0.08520471623610858,0.04818842521060182,0.5288715102446545,0.08311019483314015,0.11599884819122079,0.06385739180642282,0.581759662634454,9,1
170,0.1,tanh,0.040451249942453235,0.07244453989722752,0.07742528421571686,0.36953748068019887,0.05014179161729824,0.07621673384554409,0.09020507055631093,0.38470768432412417,0,2
171,0.1,tanh,0.04426507013667205,0.02463029018795463,0.13837235557475355,0.3138795338533262,0.05085713172608554,0.028556976455878163,0.1677018301985362,0.31423267123798443,1,2
172,0.1,tanh,0.05191307715751724,0.1223199122972925,0.08338166395319462,0.3330659866487675,0.059334257483645535,0.12659472528629828,0.09657842017049736,0.3479405494357203,2,2
173,0.1,tanh,0.05140873970085068,0.19527749958176222,0.07728158052403138,0.26831505482169593,0.07393768516487867,0.21402353480158112,0.09915479476660559,0.26896657033495247,3,2
174,0.1,tanh,0.04120336322223716,0.05143740199133953,0.04232980266711917,0.3915586956283378,0.04798193691950414,0.053542771414455,0.09823925052177473,0.4807148594596013,4,2
175,0.1,tanh,0.05423615950535791,0.18742254974076175,0.0322727064855458,0.07439771823927895,0.06601553221839411,0.22110002200034407,0.046798729792646335,0.08728538116178962,5,2
176,0.1,tanh,0.03434694433481931,0.06221575469171659,0.04860867623469621,0.27442065624946305,0.04097068914101124,0.062381079900353,0.07249611239690888,0.27606695381397583,6,2
177,0.1,tanh,0.0381889398097791,0.0214491253544379,0.09436469028891832,0.01908111645488184,0.0536356341040228,0.023601278252493068,0.11074405620038386,0.02139680333307367,7,2
178,0.1,tanh,0.07799927749857126,0.636035339816464,0.06100314988391919,0.45439121657532777,0.0924895917121467,0.6647119338141513,0.07882783833956457,0.5804091949527778,8,2
179,0.1,tanh,0.0321031877480603,0.24925813331631094,0.021891742525099765,0.017648712978656802,0.04664388058847916,0.2903353529471148,0.026121204241557092,0.021216070793312447,9,2
180,0.12,tanh,0.08252977797878756,0.09228610372752447,0.06601309044403968,0.05301736675772343,0.09868034192368773,0.10237790541807064,0.07627060673651494,0.06580686259520685,0,0
181,0.12,tanh,0.09712618556412601,0.14244016329994014,0.13738438073127693,0.3060550964463971,0.11165576448375572,0.14247107278826673,0.1664994931788904,0.30641725141086845,1,0
182,0.12,tanh,0.0917839482882729,0.2718569187127785,0.07627438813619855,0.43171883056374366,0.10332170956202924,0.2777789422530432,0.09126712675930973,0.4496930266711809,2,0
183,0.12,tanh,0.04935453095662289,0.2736820630345261,0.09076731979425248,0.22655893045737985,0.0585557884515413,0.30380013877520035,0.10116695926919086,0.22733014820689562,3,0
184,0.12,tanh,0.07148508507970597,0.26586726213364714,0.030207801345871418,0.016030022817151064,0.09592056520736618,0.26870442592593385,0.05394517487379458,0.018600833291748668,4,0
185,0.12,tanh,0.05377762544378585,0.053979683506735154,0.057046102476264286,0.20616498586250875,0.06236219858773696,0.06412649563684053,0.07208155397543445,0.21722227389195606,5,0
186,0.12,tanh,0.05876452741668378,0.06753928689783367,0.05615002866322216,0.27442065624946305,0.07929547252387137,0.07238768679773808,0.07963054221769145,0.27606695381397583,6,0
187,0.12,tanh,0.06274174327795576,0.04275538506534709,0.09371154284116658,0.016925121497662926,0.08625311200360551,0.04478128169128051,0.11058408283251549,0.01886551242673995,7,0
188,0.12,tanh,0.06654978686062461,0.12025132022760299,0.056015780050059354,0.010372674801196337,0.08069629254304533,0.12482453660871971,0.06296624360919585,0.012947945526684924,8,0
189,0.12,tanh,0.059484988457266005,0.13305552988389613,0.07170313479505534,0.9167272851859302,0.07781444079993406,0.14178235264966152,0.07948984678638998,1.0433078664477213,9,0
190,0.12,tanh,0.058030481159859613,0.11994028043344282,0.05332855421625653,0.1919043826686869,0.06709997530146192,0.12319674061138056,0.06447713084437522,0.20055956717978854,0,1
191,0.12,tanh,0.12002740368725004,0.23193031634116376,0.09725785349569586,0.5078444795586422,0.14218992114797477,0.2319670072474585,0.11589432712085418,0.5306959665793741,1,1
192,0.12,tanh,0.01783970626997198,0.17994526815227518,0.07498891962948966,0.4470887226887932,0.021465998317070557,0.18884935077827558,0.09227743197819215,0.4644662510057168,2,1
193,0.12,tanh,0.03747298972031416,0.3381938246672372,0.05729826825033771,0.14923936583060107,0.04543945668542881,0.3657398859684683,0.0789963492186017,0.16993548664203145,3,1
194,0.12,tanh,0.06525008265497505,0.19930807902693828,0.06502797754899463,0.910040343148173,0.09986671357531264,0.19986321808778013,0.1354840256515922,0.9168380686006964,4,1
195,0.12,tanh,0.047256850508897316,0.12302184650335019,0.07426278137642804,0.9359476759538994,0.05582442981271801,0.12359327631249978,0.09027768986989161,1.052290365908584,5,1
196,0.12,tanh,0.03687599934199827,0.026487294354782243,0.05734949778102367,0.5426406486133016,0.045280572468391025,0.03183350500078001,0.07129853707638494,0.5613702714670653,6,1
197,0.12,tanh,0.07115497255199985,0.21582174746550803,0.0960120355756212,0.02923938696603857,0.09386216959964085,0.21647419109444527,0.11714452277812908,0.03231535132983556,7,1
198,0.12,tanh,0.05455585350339711,0.13848863491251148,0.0769194022240043,0.042921479629763906,0.08607918284599196,0.14751671638723005,0.08196469047055142,0.051660084941299575,8,1
199,0.12,tanh,0.08956781237533254,0.4324600582165165,0.07156927497391721,0.8340894665042264,0.1049081631633133,0.45359782335976484,0.0799210461850424,0.9593146861765669,9,1
200,0.12,tanh,0.0473658811213472,0.10470792342900394,0.07032570724752998,0.3529937198592398,0.05852229084657859,0.1094320730842915,0.08513549465190783,0.3689568026351523,0,2
201,0.12,tanh,0.09395073365807785,0.06744113872276253,0.07512470968764458,0.0506477052857777,0.11438692165135271,0.0721298899582316,0.09920097194794852,0.050731698424335586,1,2
202,0.12,tanh,0.03961555047663819,0.3163120349717354,0.09376767422278247,0.3518192942763853,0.047616887575942526,0.33872796959165935,0.10742352862214466,0.3569326116404874,2,2
203,0.12,tanh,0.038791422968598395,0.05888402604933559,0.07966552954499004,0.2591788392183507,0.0469923097760718,0.0678549564047094,0.09809100134452879,0.2598532624623923,3,2
204,0.12,tanh,0.07629131213750616,0.022827420967293073,0.04232980266711917,0.3915586956283378,0.10004602401216842,0.02563453532368746,0.09823925052177473,0.4807148594596013,4,2
205,0.12,tanh,0.048386557697986374,0.30566425788454477,0.024024022111069392,0.125477732252905,0.0655745980083071,0.31256401935231953,0.037614258195917294,0.1318778775050233,5,2
206,0.12,tanh,0.049132385152397415,0.059906161898231565,0.05691454530880338,0.27442065624946305,0.07009582783888178,0.06143264981021499,0.08480018983120814,0.27606695381397583,6,2
207,0.12,tanh,0.07066517604939827,0.1204391618216055,0.06910415921947007,0.10337240857061032,0.08072495943111814,0.12110561402663879,0.0768750968031119,0.12953645510911502,7,2
208,0.12,tanh,0.04305039129240746,0.11553507234794673,0.03709418904951275,1.5615878733546749,0.0655839184265648,0.11887230459896002,0.04281880919489818,1.933869602071517,8,2
209,0.12,tanh,0.08361222998908398,0.050896495242114786,0.05897346430691767,0.4175765422110534,0.1021886260565054,0.05153881392567124,0.0712136453943959,0.46450122035531094,9,2
210,0.14,tanh,0.040966408492719354,0.03080642958433161,0.03767877531762697,0.010678123146801015,0.051104293565227575,0.03822417802606681,0.046625180444833346,0.01177272318519462,0,0
211,0.14,tanh,0.15200699331175643,0.334220929546073,0.13650893365203168,0.2972938650888131,0.1897254254561813,0.3352244567940192,0.16558218683320147,0.29766667956091986,1,0
212,0.14,tanh,0.05337117849354511,0.04668078750596323,0.1885251197963524,0.05528580780720246,0.06329363956151243,0.05049589088005889,0.2109153984289209,0.06314833317405132,2,0
213,0.14,tanh,0.0416689749417506,0.2227847051770505,0.07494556939208079,0.27922118250330424,0.04937938243243997,0.24271524518393178,0.10149253919092634,0.27984730849575956,3,0
214,0.14,tanh,0.061548546708071625,0.04283007417862552,0.04232980266711917,0.3915586956283378,0.08173056007297594,0.05044712544051887,0.09823925052177473,0.4807148594596013,4,0
215,0.14,tanh,0.050279515715036596,0.0936222114647575,0.028453322305179038,0.0795429472534886,0.060996762575459176,0.11805146835542422,0.04709361470254855,0.08516217936510571,5,0
216,0.14,tanh,0.044823090112152526,0.20365058972778255,0.06093836450401405,0.27442065624946305,0.057582211240091025,0.2062714661960514,0.08514184317576226,0.27606695381397583,6,0
217,0.14,tanh,0.09974040585567166,0.5384079340717912,0.09294641368395104,0.014335013094526798,0.12074354303630139,0.5457594489129818,0.11054521226938784,0.015886641459298488,7,0
218,0.14,tanh,0.08232960962352628,1.3698822615123165,0.05190629699767379,3.325302124426251,0.1217413426299091,1.4089285491983097,0.07899228492752298,4.175502816691481,8,0
219,0.14,tanh,0.07289641885890516,1.4695544315783156,0.08012182840524641,1.1206054054382242,0.1029660347311012,1.5358190718036617,0.0975049837683095,1.2517608068491566,9,0
220,0.14,tanh,0.02677499680113145,0.010923416224489578,0.10935657859251041,1.3028505441878475,0.03417982431432528,0.012868333195770689,0.14240921638303392,1.4132537141124228,0,1
221,0.14,tanh,0.10999565802929748,0.5773805332841244,0.1397258186649171,0.32220670022056574,0.12973833003369503,0.5956403173405354,0.16936954013386069,0.32255072092370746,1,1
222,0.14,tanh,0.051709472097853516,0.7409543832500185,0.07489625359898096,0.4499646736969456,0.06903464295971688,0.7642401596129805,0.09272458824322094,0.46724472248607285,2,1
223,0.14,tanh,0.05980917613658199,0.8755336700849875,0.08035383435840633,0.25674952811217555,0.08479811894950158,0.9166613525142553,0.09794971941039476,0.2574303158130411,3,1
224,0.14,tanh,0.08465396174101406,0.2077802628416916,0.04232980266711917,0.3915586956283378,0.12787410295983986,0.21628942305215723,0.09823925052177473,0.4807148594596013,4,1
225,0.14,tanh,0.07796799785615166,0.08543728410430088,0.041737307961279835,0.17718924205891595,0.09466792041216807,0.09961666736443014,0.06842482182609487,0.186851465829353,5,1
226,0.14,tanh,0.04312473187907835,0.032230103388746274,0.04979771383224718,0.27442065624946305,0.060935175465457105,0.03230861013358495,0.07342196494074278,0.27606695381397583,6,1
227,0.14,tanh,0.11659440742790236,0.0046683241769852595,0.104113402464897,0.0607338227180795,0.14526361549238315,0.005238818993770253,0.1309905404007054,0.062273087312032856,7,1
228,0.14,tanh,0.05502389030683928,0.11034450111807483,0.059615412128684334,0.40512936891910745,0.07379845001704019,0.11833871327094288,0.07549541680661238,0.5280958656066802,8,1
229,0.14,tanh,0.10069705896269947,0.14239227982986025,0.05016954461195556,0.04617015998512203,0.1264854514148217,0.1424906975440023,0.05608687504114173,0.05429791603690062,9,1
230,0.14,tanh,0.06752724538713627,0.008535295854327296,0.0744792675248739,0.25782251916464705,0.0869282384158303,0.010009193511304746,0.09224028663898218,0.27389726638555545,0,2
231,0.14,tanh,0.05408683077556599,0.034211902907971874,0.1361500293832955,0.2920476691378007,0.06651795296449613,0.039389720584477636,0.16525295910197962,0.29242717204493884,1,2
232,0.14,tanh,0.07929309797498792,0.38401136996382257,0.0718743175424834,0.41776918105041905,0.10123564411788329,0.39099286772754466,0.09083614491480692,0.4351386020092344,2,2
233,0.14,tanh,0.06216536547990062,0.1373727513442968,0.0756637888577336,0.27543896739516477,0.08807045050330996,0.14398870294630314,0.10055407433087284,0.27607367146015915,3,2
234,0.14,tanh,0.0853628159138096,0.05036793316976002,0.04232980266711917,0.3915586956283378,0.12749389083101387,0.050747680635404725,0.09823925052177473,0.4807148594596013,4,2
235,0.14,tanh,0.08441332173216412,0.08393567384801391,0.051748741718432176,0.1779711767479896,0.11214676041798333,0.0984548623466746,0.07096025676796387,0.18550908606764036,5,2
236,0.14,tanh,0.07297558356407562,0.038283247541567686,0.04668709473270211,0.27442065624946305,0.1314764455894753,0.04307911387727941,0.07222977985577475,0.27606695381397583,6,2
237,0.14,tanh,0.12762550567974484,0.5673994869478365,0.10126668244060541,0.05005862262698604,0.17840669009229118,0.5754039196365035,0.12558554863383412,0.051915372296959944,7,2
238,0.14,tanh,0.08873094742002421,0.4864288475349173,0.036926268594041405,1.5435572887178546,0.11935509883836581,0.5058223247619776,0.04266343605672972,1.9095668368326237,8,2
239,0.14,tanh,0.08142439041571017,0.24697145088235123,0.07327541264075516,0.7608997998115898,0.10681629577718216,0.26607418011628714,0.08428469860532795,0.8852643536565383,9,2
240,0.16,tanh,0.0700356282775608,0.17381765201286517,0.06872380668428088,0.31389397666066,0.084503827840598,0.1825821708963714,0.08431152035189829,0.33111066573484776,0,0
241,0.16,tanh,0.0584116992523972,0.3174101970587825,0.1386279281440034,0.31558335098165863,0.07449905169329356,0.3530195335813042,0.16801082550750585,0.3159345839223535,1,0
242,0.16,tanh,0.10062551102586886,0.7292762696438115,0.07651848966958422,0.4450557916465283,0.1229545373721868,0.7628480163989075,0.09193954776459562,0.4628003412290385,2,0
243,0.16,tanh,0.029350128813827706,0.2294820513835436,0.08204029730346882,0.2511324714806237,0.037023500082922906,0.24265523544132786,0.09785347906141283,0.25182844467165244,3,0
244,0.16,tanh,0.0756517229745573,0.1781999897955422,0.04232980266711917,0.3915586956283378,0.09355364053419522,0.18020145145015376,0.09823925052177473,0.4807148594596013,4,0
245,0.16,tanh,0.10066719114424888,0.8205221005975225,0.0240515746769488,0.13343549321951598,0.1256978070037678,0.8376517625559108,0.03863705980003322,0.14014641660267046,5,0
246,0.16,tanh,0.07195314648476299,1.7941206805799856,0.07325301935408568,0.27442065624946305,0.088691252143075,1.8564313731274258,0.10727884928899142,0.27606695381397583,6,0
247,0.16,tanh,0.11184628817777849,1.4137104215304181,0.09299450029784158,0.014499467085077477,0.1549462204719837,1.4305233250904243,0.11054052320581245,0.016069929470126712,7,0
248,0.16,tanh,0.11109972421807787,1.3773557971795702,0.059506195538736976,0.4005873527805685,0.154627639240753,1.3937341167467951,0.07528511501821594,0.5230485498558743,8,0
249,0.16,tanh,0.09998271931624317,2.7390123201670784,0.05925448032906803,0.5640080228569979,0.22471096467631904,2.7542779321775077,0.07271884472023306,0.611654298628725,9,0
250,0.16,tanh,0.05699305971782031,0.1938498921976343,0.06830262690083334,0.3770450869516208,0.07743170114117619,0.20016062368285656,0.09049229201108631,0.3942310154484626,0,1
251,0.16,tanh,0.06892907182785181,0.7292954329047237,0.13692240106945544,0.3014352998281822,0.08849264302059873,0.7649081381535011,0.16595879671383948,0.30180299846735115,1,1
252,0.16,tanh,0.06580812259344429,0.6093722311074672,0.18971580372771293,0.05340678087016659,0.08433516096684415,0.6894735397746425,0.21124881370707888,0.06075940737531642,2,1
253,0.16,tanh,0.06590646334044409,0.565558036343428,0.07469652814179549,0.28070307449139,0.0831852688206031,0.6080283568482433,0.10189616275655494,0.28132590236715865,3,1
254,0.16,tanh,0.10961861732886331,1.3049040136567718,0.04232980266711917,0.3915586956283378,0.1507787862591383,1.3142104236773868,0.09823925052177473,0.4807148594596013,4,1
255,0.16,tanh,0.1525669895513024,0.7600320346581054,0.026590035326725672,0.09275060834931138,0.1675191727881615,0.7797224061495752,0.04267258008361764,0.09841321087089189,5,1
256,0.16,tanh,0.08197597402287646,0.5898892378427282,0.05251404426613033,0.27442065624946305,0.1003457488081491,0.6161082559268196,0.07459181282613865,0.27606695381397583,6,1
257,0.16,tanh,0.11188968531424237,0.2358015694608334,0.09514638324560533,0.02180902525928101,0.1374239804192514,0.2441570178116325,0.11104824162476098,0.024473363677810146,7,1
258,0.16,tanh,0.10209449360679494,0.9720405372647497,0.06926507946249097,1.1931153754649462,0.16173038396043096,0.973329802800804,0.07472224112653351,1.4426844445666316,8,1
259,0.16,tanh,0.08277698544970687,0.9399170597681981,0.07248463864341664,0.9633891435891323,0.1106055294007203,0.9533819806434635,0.08140438268776855,1.0908808664735814,9,1
260,0.16,tanh,0.06885089552048408,0.12950378020771192,0.06784563571611327,0.3287672257363842,0.07798836522599326,0.13306081836966774,0.08359363153009386,0.34519506328034144,0,2
261,0.16,tanh,0.060634794788926305,0.042680564080034726,0.13578119562724253,0.2854320850124905,0.08509710383639403,0.044423549095203796,0.16507471679127297,0.28582037201003624,1,2
262,0.16,tanh,0.06489467908345202,0.22767881363390483,0.08089032613238442,0.5094872724427506,0.08131475615951335,0.22860925686464956,0.1014068661710163,0.5264475767292305,2,2
263,0.16,tanh,0.0835470447453044,0.8846725891945995,0.08019815088168203,0.2572989992064967,0.10777186496134601,0.9592994669553014,0.09797642182408746,0.2579783368937051,3,2
264,0.16,tanh,0.10035321301774376,0.07428949516905639,0.04232980266711917,0.3915586956283378,0.13661818447091026,0.08658228756744413,0.09823925052177473,0.4807148594596013,4,2
265,0.16,tanh,0.09559744833115053,0.11459111730407086,0.06661842539518258,0.4160440238092953,0.1360926386572513,0.13987632833435515,0.08973465390705877,0.43531497196367713,5,2
266,0.16,tanh,0.07136687887305099,0.07155026475233876,0.05415650264866911,0.27442065624946305,0.08663750449069631,0.07193212730988213,0.07911591505867135,0.27606695381397583,6,2
267,0.16,tanh,0.07706387741575225,0.03898251416613311,0.09807215507786303,0.03772492538962259,0.10909870914889276,0.04704206550420403,0.12022175947687347,0.04015607272970739,7,2
268,0.16,tanh,0.10903033593663897,0.38964860188384803,0.0675803626437841,0.5560856155483358,0.13179027286433923,0.40258197669528406,0.09002942303902894,0.6804956344394794,8,2
269,0.16,tanh,0.11921845828622588,0.12316673837124124,0.07343645262310036,0.9957331046278962,0.17434088578163506,0.12370080497239311,0.08358885427528935,1.1239091044688538,9,2
270,0.18,tanh,0.0649822654781351,0.08607802018482118,0.0712858604853607,0.2836729311955084,0.08413644201023654,0.09184443823274467,0.08460844396629484,0.3005823274179794,0,0
271,0.18,tanh,0.08045787259348698,0.14937817350488228,0.1360630359222616,0.2607145001097012,0.09740728693234761,0.1501564545847588,0.16674578590941186,0.2611395421395031,1,0
272,0.18,tanh,0.11818371046207184,0.06795024407431513,0.1855486898132276,0.061503456582928516,0.14315724956028852,0.06962173256782815,0.21074089017791342,0.0713152474451398,2,0
273,0.18,tanh,0.07465485545017646,0.5527651275358844,0.08220211601247568,0.25062146503112837,0.09448537203311201,0.5897271593814861,0.0978607199732723,0.2513188533479459,3,0
274,0.18,tanh,0.09123926465460187,0.3923227837145897,0.04232980266711917,0.3915586956283378,0.1231521246455968,0.4303587526099253,0.09823925052177473,0.4807148594596013,4,0
275,0.18,tanh,0.07853052968117272,0.717661236347199,0.030236968289728255,0.16365093517416265,0.11031833260511942,0.7730196379224777,0.05421071480444434,0.17211917804644272,5,0
276,0.18,tanh,0.11692920361927014,1.4693772220591634,0.06696070955481642,0.27442065624946305,0.16438644447037193,1.5146576423782383,0.08895856418038259,0.27606695381397583,6,0
277,0.18,tanh,0.1377898690287047,0.6198743417021016,0.10764776049299872,0.05989344887928936,0.17810991961744702,0.6471844428040228,0.12145500332151644,0.06145376636201403,7,0
278,0.18,tanh,0.08599268257953076,0.20779201516573215,0.040799289295746256,1.7809897345710974,0.11279237633894379,0.21496481715096713,0.04791915776139307,2.231669497987618,8,0
279,0.18,tanh,0.1192488254338033,0.03180097050305049,0.07159648106192923,0.9090611751655108,0.1506911686105293,0.03841860437865818,0.07932194641013755,1.035501389120274,9,0
280,0.18,tanh,0.1274010837698151,0.0427875902127982,0.08031935772464356,0.2780765770354955,0.15434062817954278,0.0512924305080353,0.10537202604579429,0.29250829570519377,0,1
281,0.18,tanh,0.08008197181642683,0.22314829737155606,0.13627970995964928,0.29399287778310734,0.09578314535442564,0.2237187735781692,0.1653556932187134,0.2943698729295697,1,1
282,0.18,tanh,0.11623973604210024,0.14921004293405304,0.1936717107515232,0.04934392640412398,0.14693456552323686,0.16161548497098085,0.2132284726183392,0.05623707828733794,2,1
283,0.18,tanh,0.09630384867318599,0.03847806378514521,0.11464590134666097,0.17662682612574818,0.1376978431983316,0.04397696418750844,0.12367273168135542,0.17761498535042736,3,1
284,0.18,tanh,0.1150850135068502,0.21005482616901525,0.04232980266711917,0.3915586956283378,0.15884194679143726,0.21204301769581008,0.09823925052177473,0.4807148594596013,4,1
285,0.18,tanh,0.08049923149866745,0.0975794630626585,0.025834538367535756,0.15153981472693284,0.148943848356024,0.1231461810930677,0.04558929031708387,0.15917909962198876,5,1
286,0.18,tanh,0.0959755378618978,0.21598497507938666,0.05564189720242561,0.27442065624946305,0.13911307659610803,0.2178671406770327,0.08111066308469796,0.27606695381397583,6,1
287,0.18,tanh,0.14676236052551733,0.41973975149280685,0.10621033206092326,0.05614363557822298,0.20089316287794345,0.42348174042973263,0.11994948687576733,0.05780525925347333,7,1
288,0.18,tanh,0.1351834939967822,0.03528753951769702,0.05222336221533598,2.8589942839266964,0.18640121993075567,0.048285150582153304,0.08646916570369062,3.5077992469585655,8,1
289,0.18,tanh,0.1621293422716306,0.5584293721271568,0.07215992215399748,0.9476838231419406,0.19670817922633094,0.5656033674340677,0.08059184175148214,1.0748583898543305,9,1
290,0.18,tanh,0.06575188776193991,0.13075522629490863,0.08657621387972896,0.3998140040798618,0.07575801708351064,0.1332794952692089,0.0992905513649089,0.41431666098538883,0,2
291,0.18,tanh,0.08658258534067936,0.14405391026350173,0.1396591547799074,0.3218733807955174,0.1022624836666236,0.17607492482006418,0.1692952315225215,0.3222177573724236,1,2
292,0.18,tanh,0.05619527764915997,0.4238708052793254,0.19137329104346032,0.05138251311482064,0.068659446614007,0.4342836736665431,0.21193436289148318,0.05820621276302413,2,2
293,0.18,tanh,0.10421333252460778,0.047944585910530954,0.07983076226648654,0.25859566490718666,0.12372187900774764,0.053063430219008494,0.09805161421499269,0.25927160512205577,3,2
294,0.18,tanh,0.06806771051318403,0.011655011646552567,0.04232980266711917,0.3915586956283378,0.08251258337699696,0.011705707095497984,0.09823925052177473,0.4807148594596013,4,2
295,0.18,tanh,0.10620154972916733,0.6335283271795786,0.23507956631992288,0.6091522092757666,0.1390251385230879,0.6467524226661205,0.27946007159925346,0.6140784239671608,5,2
296,0.18,tanh,0.09125374446349664,0.13678223751114113,0.1801744644152871,0.6791120440629761,0.11987911115006618,0.1418254363102025,0.25503912041204563,0.6800421267274095,6,2
297,0.18,tanh,0.10435731968619377,0.32610987293254406,0.09619167218298245,0.03000925814044398,0.11642156395256022,0.3383643960070021,0.1174017435711239,0.033013569264179275,7,2
298,0.18,tanh,0.05699006782623634,0.011583336185821693,0.06921312071510129,0.03318137812139068,0.08999561453114398,0.016787752743997096,0.07343893595633307,0.03964600376301573,8,2
299,0.18,tanh,0.13296515952293347,0.22137132999373543,0.07161351096471179,0.9102852589790021,0.16946158278696286,0.23693990525946101,0.07934592305300933,1.0367477002747496,9,2
300,0.2,tanh,0.04862618430609981,0.01071950157332343,0.1537557821704191,0.9172102846039254,0.058086286051327596,0.011053974508362192,0.19380525052411202,0.9615320783343059,0,0
301,0.2,tanh,0.14770260758836712,0.6572114103577077,0.13983561230577077,0.32275566842483416,0.1966942992134354,0.7270033513408127,0.16949328223988436,0.3230991046130264,1,0
302,0.2,tanh,0.10541606181856501,1.2680532465076524,0.18074691694768763,0.07723185485637425,0.1386803547117061,1.3030161681722758,0.2130776937464079,0.09051800794895082,2,0
303,0.2,tanh,0.09730995904339834,1.2614499238349421,0.09671454555488736,0.21274602477634283,0.12393105724501051,1.3268280500507936,0.10552564708980064,0.21356712849105206,3,0
304,0.2,tanh,0.10645649967062139,0.27680515454064963,0.04232980266711917,0.3915586956283378,0.13897295878513644,0.33262736389412306,0.09823925052177473,0.4807148594596013,4,0
305,0.2,tanh,0.19000217196588493,0.4951592757196929,0.22535220489376273,0.641677809556829,0.24280046067330238,0.49757861257409103,0.2846798428473443,0.6463561773465886,5,0
306,0.2,tanh,0.14883809320311972,0.3681020110621516,0.05201752087334535,3.3211036398793276e+29,0.21523249196261887,0.37610683161240416,0.08114685593747088,2.080821942106989e+30,6,0
307,0.2,tanh,0.1328442488745968,0.06905483823633118,0.12206720430925741,0.09270507257379133,0.1584802533267566,0.07078623643033552,0.13831528334637425,0.09372070562225232,7,0
308,0.2,tanh,0.16225203951978928,0.027162058151254553,0.12825676348758994,0.22945017802537448,0.20116178696470197,0.046048370302906,0.1578569307963769,0.2936104484268469,8,0
309,0.2,tanh,0.10832484758299683,0.04234338917286025,0.07206792346868589,0.9422481235516297,0.1447061031283933,0.04572235956017853,0.08034982247161404,1.0693153390782695,9,0
310,0.2,tanh,0.10116630826808513,0.179236677469777,0.07121357560772976,0.28343579934024443,0.12732019957421664,0.19298829650617666,0.08525517214863762,0.30003235526040645,0,1
311,0.2,tanh,0.1256265177726486,0.7093611013892329,0.1416600128813547,0.331481521640602,0.15596833616331746,0.7489611132590184,0.1716840310022863,0.33181592651731895,1,1
312,0.2,tanh,0.10943205682336996,0.07467893538591656,0.18383964716622828,0.06605242249144053,0.1331251186636097,0.08914325299392185,0.21113326935577967,0.07711092357987262,2,1
313,0.2,tanh,0.0789292916239021,0.9168480983573031,0.08014880742597373,0.2574731525795848,0.08848208997099881,1.0213634939570297,0.09798552662764497,0.2581520319754377,3,1
314,0.2,tanh,0.15558112691353135,0.6519125184469725,0.04232980266711917,0.3915586956283378,0.20079656505612348,0.6657984122769472,0.09823925052177473,0.4807148594596013,4,1
315,0.2,tanh,0.098670588097977,0.08904075522364521,0.0395191224534436,0.17484459442356412,0.1164075384920358,0.10664986534167023,0.06554329071112584,0.18427536190393426,5,1
316,0.2,tanh,0.10143102139787581,0.2719140970863307,0.048231511218187514,0.27442065624946305,0.12178917280140623,0.2735794407968514,0.07261950239950316,0.27606695381397583,6,1
317,0.2,tanh,0.09641262159479928,0.10326867936432935,0.09183371106987799,0.01129082994220733,0.13413177315493122,0.10373449506820628,0.11174422373179238,0.015369920859639188,7,1
318,0.2,tanh,0.11459994867152021,0.21357246451924933,0.1721391512169168,0.7661779488409751,0.15785629422410066,0.22050082474817834,0.23826824441035574,0.7677759493818145,8,1
319,0.2,tanh,0.14006053674154745,0.10129419937840267,0.07144380722680733,0.8427423245436291,0.1911249811365005,0.10659697909903669,0.07964529445003837,0.9680920268639416,9,1
320,0.2,tanh,0.08233796090500549,0.006991783306459356,0.10935657859251041,1.3028505441878475,0.1056658924251344,0.00783226860319223,0.14240921638303392,1.4132537141124228,0,2
321,0.2,tanh,0.0934961227072871,0.28449887464186774,0.13565019722776844,0.28187720296185437,0.1216829102508947,0.28797035170506563,0.16508839649928073,0.28227038004540317,1,2
322,0.2,tanh,0.11529149081808415,0.2587717395475271,0.17765028817618164,0.09461173620639936,0.13724535915372785,0.268795864179877,0.21753012304398164,0.10893027820156347,2,2
323,0.2,tanh,0.08389614696531514,0.20922534618078337,0.09346017021397474,0.22008228473774724,0.1277946716792117,0.21388444057716566,0.1030032066690074,0.22087611769760013,3,2
324,0.2,tanh,0.13848150839775897,1.2726169746644267,0.05870633643140547,0.9908150169789518,0.18473294079028763,1.3666082034808982,0.1094044995386871,1.2903288911764015,4,2
325,0.2,tanh,0.1259535693648351,0.8162373591855866,0.07019034276548454,0.8423154017611475,0.1607785626648314,0.9785692567774326,0.12986070706255273,0.9093485063829867,5,2
326,0.2,tanh,0.0986189956339744,0.5260744437584572,0.046944526527383755,0.27442065624946305,0.13968792769509558,0.5586241058098221,0.07215003899054362,0.27606695381397583,6,2
327,0.2,tanh,0.13465201727909515,2.003537606075571,0.09279884645213944,0.015018822985075604,0.16980233438158826,2.3699401266074185,0.11323264340601821,0.020369222500576555,7,2
328,0.2,tanh,0.1726160955554246,2.6486731976946647,0.17168577588243558,0.7673606671048394,0.20145522513512099,2.9762519106704675,0.23847701898319396,0.7689562097925775,8,2
329,0.2,tanh,0.14648457983526925,0.5969703896822874,0.07253753487262922,0.9655891190520705,0.20745888365671786,0.6828661979529858,0.08153144416767573,1.0931260795596789,9,2
330,0.0,leaky_ReLU,0.01058210775938942,0.13363795719131197,0.00109369259578955,0.07631493328406955,0.012664664790856333,0.14754352947234411,0.001355375832528744,0.09428604323834906,0,0
331,0.0,leaky_ReLU,0.006051633938754204,0.19542355896772734,0.024073866542202203,0.3037312040804763,0.008817178682274097,0.21038807852015434,0.02907220471634155,0.3219984794437641,1,0
332,0.0,leaky_ReLU,0.008398729594792941,0.12710238734499854,0.01351721963507615,0.10301045755542033,0.011770466123217605,0.15549285762799908,0.015800708953696896,0.12386937263855702,2,0
333,0.0,leaky_ReLU,0.003993011121790147,0.09999004306233039,0.005271597045233839,0.23687360597366716,0.005675030454716921,0.11406142640965347,0.006787591486101039,0.269080984575554,3,0
334,0.0,leaky_ReLU,0.0051455924637835255,0.04978579521744406,0.003849572788776667,0.6389541082649656,0.007306232792488821,0.057138167361404577,0.004587862782584775,0.869426440802844,4,0
335,0.0,leaky_ReLU,0.004592478204393755,0.12898033759183625,0.002423227341239745,0.7617887388727779,0.006403951672075384,0.14695414966849293,0.0033263831000340622,0.9822381849278584,5,0
336,0.0,leaky_ReLU,0.0076894936480000715,0.10534493189664206,0.004245538707719462,0.0843697708879507,0.010315531778028821,0.11859335185588,0.005712236449161648,0.09479351198511243,6,0
337,0.0,leaky_ReLU,0.010062518584584734,0.15697404858222858,0.01984067884378938,0.02174546167547577,0.01327208087300466,0.17268066347006775,0.02257106290692493,0.025254262560739583,7,0
338,0.0,leaky_ReLU,0.01687061941033458,0.11759497606302927,0.01831318557947413,0.07772890724879829,0.02197622109948494,0.1406443527514776,0.02550108334970354,0.08521280683473138,8,0
339,0.0,leaky_ReLU,0.00407637665429162,0.006913622310624783,0.002167793791572743,0.007355133941335716,0.004998605352463358,0.007621005697712864,0.002774045443831515,0.007920103749990887,9,0
340,0.0,leaky_ReLU,0.01046702589467142,0.12124796940611358,0.001067553175431259,0.03507495165288898,0.012376181202656267,0.13373590484693812,0.001428109581075355,0.04700805700552005,0,1
341,0.0,leaky_ReLU,0.00705049618100599,0.2219358055458337,0.005800760408571585,0.3084482256024949,0.009887297070900521,0.23941857914628895,0.007223907137747028,0.33485400915993524,1,1
342,0.0,leaky_ReLU,0.008192469555645803,0.13115742047499448,0.013517219455713091,0.10301044382367207,0.011530509958089406,0.16027773241861706,0.015800708411577866,0.12386935574577113,2,1
343,0.0,leaky_ReLU,0.0031507216762337105,0.06579184776810347,0.005219080747401184,0.8754321947449575,0.004486966416381649,0.07223507767919815,0.006716184355817027,1.1791120321108466,3,1
344,0.0,leaky_ReLU,0.00519777634014312,0.035779405458659874,0.00410987837854238,0.13842418259877853,0.007540926037625367,0.03973910022312791,0.0052165290271207945,0.17456120124793179,4,1
345,0.0,leaky_ReLU,0.005076116893462121,0.15399121906244037,0.0019987958230148362,0.5873773961821573,0.007314375925272908,0.1763216627007823,0.0028274141748601575,0.8010057874519834,5,1
346,0.0,leaky_ReLU,0.007468137362062406,0.09467865827917356,0.0077499672461648576,0.07389152894890391,0.009978710824194588,0.10569009856815657,0.00945195953996306,0.08513853904564203,6,1
347,0.0,leaky_ReLU,0.010170178090278826,0.13751473681818477,0.020704182504115373,0.0252001858539537,0.012835664929635893,0.15135237201430138,0.023638519124689637,0.029458599603164673,7,1
348,0.0,leaky_ReLU,0.015334589165734862,0.06755737649695918,0.018747765431673304,0.06907178267120825,0.02069470340975791,0.08245057047580774,0.02416800235646671,0.08028692881455582,8,1
349,0.0,leaky_ReLU,0.004384406999583002,0.02894905206651622,0.0018785872732139293,0.016814420813485876,0.005301847525538103,0.03657793330169878,0.002731073541051746,0.020224967979162883,9,1
350,0.0,leaky_ReLU,0.01199861695594936,0.08642662786748197,0.0011682754259441995,0.008281797088213132,0.014701899273658371,0.0983041235187388,0.001522613826971161,0.013396367715587101,0,2
351,0.0,leaky_ReLU,0.006904078567767283,0.18927725921586588,0.024073866542202203,0.3037312040804763,0.010114460411193711,0.20445455204471488,0.02907220471634155,0.3219984794437641,1,2
352,0.0,leaky_ReLU,0.007913774468606688,0.1420584085333462,0.013517219866791058,0.10301047542214738,0.010718997473001025,0.17056094517685652,0.015800709656745654,0.12386939461790233,2,2
353,0.0,leaky_ReLU,0.004094861705516585,0.06229246688321429,0.0022729901084064716,0.1295903601423701,0.005609031786264831,0.06999196172624828,0.0029819499438361566,0.15218833253092043,3,2
354,0.0,leaky_ReLU,0.00466241532827216,0.036978128369135124,0.003596551360594688,0.27128478549520524,0.006998511861867457,0.04125377026401654,0.00447263446583678,0.32104418782958627,4,2
355,0.0,leaky_ReLU,0.003941380731289414,0.09876731206202212,0.0020151759874103706,0.5501957980905031,0.005532994889989749,0.10992031231697905,0.0027850381486001015,0.756221168777502,5,2
356,0.0,leaky_ReLU,0.007638860314951336,0.08624329498222999,0.0021636668770000753,0.08478917181983722,0.010381969185679785,0.09834066670734261,0.0032001862990480153,0.09516100755999303,6,2
357,0.0,leaky_ReLU,0.010934949185633102,0.15645175747562678,0.020704182494913185,0.025200185868259124,0.013612218746154474,0.17204366256895026,0.023638519116734917,0.02945859964022915,7,2
358,0.0,leaky_ReLU,0.01825189750985628,0.1027886007853916,0.018747765406672237,0.06907178287790826,0.02313554181609666,0.11967883737952101,0.024168002365834964,0.0802869289635524,8,2
359,0.0,leaky_ReLU,0.004002341260381339,0.06232974154917884,0.0019321071647864017,0.0036362863569638455,0.005200680524251783,0.07379973125968478,0.0028085820855434317,0.003952810646014367,9,2
360,0.02,leaky_ReLU,0.010440271787755443,0.1320799933577006,0.011812796611388702,0.08746587961966139,0.012301489179220648,0.1463697375061905,0.015321355319608092,0.10617426027649035,0,0
361,0.02,leaky_ReLU,0.009101654727679476,0.17389293262097308,0.024496296532289515,0.30106266788385766,0.011882108455488174,0.18616035972991576,0.029068863071486272,0.3194825604399498,1,0
362,0.02,leaky_ReLU,0.009495177767781842,0.15212297940726976,0.013551325934312335,0.10114490304733272,0.011687044505108952,0.1808093929461007,0.01584374978790255,0.12159377467707404,2,0
363,0.02,leaky_ReLU,0.005907480011798145,0.06444949084351272,0.005868684455196495,0.2536017362366643,0.007673228349088598,0.07698824162858553,0.007226384042985669,0.2851921923483305,3,0
364,0.02,leaky_ReLU,0.00893971865377835,0.04797662941702269,0.013355518085372298,0.08178609236698384,0.012721232145751825,0.0541983446293619,0.01968973689436486,0.0872281057368702,4,0
365,0.02,leaky_ReLU,0.007791554556882316,0.04741381307435472,0.01114609234983857,0.1934094989816732,0.008910587549213943,0.05149391922123759,0.01589474832800881,0.21340191462124342,5,0
366,0.02,leaky_ReLU,0.009479361210730763,0.1065196028384311,0.00963557142747843,0.2033983427519876,0.012263417310453637,0.11927915187404822,0.014251972948356386,0.22791308568481175,6,0
367,0.02,leaky_ReLU,0.01343976634822427,0.13226706772966312,0.02138432061164994,0.01754945234090563,0.01684143453264089,0.1442190370265397,0.02526870132963109,0.019524485430570903,7,0
368,0.02,leaky_ReLU,0.016699245747817316,0.13113021318887239,0.019401095537773815,0.07939381750418746,0.021954484890006044,0.15295307824435236,0.026386649276145892,0.08581361746630004,8,0
369,0.02,leaky_ReLU,0.007730586305003242,0.05362046054472304,0.0217512806273709,0.18594424010242402,0.009138338077991874,0.05689588216920666,0.025466042369545656,0.2027733022031518,9,0
370,0.02,leaky_ReLU,0.011981751497584495,0.06748049198229905,0.012955008019447146,0.08478637944100845,0.01507780017865703,0.07827564994231227,0.015476283594238844,0.10399847459167584,0,1
371,0.02,leaky_ReLU,0.009285343447020923,0.222299585016237,0.02397896896426221,0.30454461189139054,0.01254290520651085,0.23808111502779902,0.029121891231571485,0.3227658548607611,1,1
372,0.02,leaky_ReLU,0.016104436964592257,0.09955764975022353,0.013930041020075086,0.1016899464585955,0.018309896633416627,0.12367404062272094,0.016929047631948156,0.12218543825120595,2,1
373,0.02,leaky_ReLU,0.006898613557540791,0.12021674170324444,0.008652926393137621,0.4079415845167578,0.007917201100552659,0.13243508453869454,0.013403164290686788,0.42737885063561515,3,1
374,0.02,leaky_ReLU,0.007750526860605351,0.06311658397489174,0.014725594568499829,0.08179806451479725,0.01242752787610224,0.07257497780826143,0.020485282569579703,0.08757021427830902,4,1
375,0.02,leaky_ReLU,0.011437668809387451,0.2100544341745086,0.008579249368398644,0.14618241130215973,0.014624627864334314,0.2324010128537529,0.010031395437807504,0.16856179413104347,5,1
376,0.02,leaky_ReLU,0.01575968922003195,0.08851059774035774,0.007202458661784798,0.07677960056801097,0.020543999622145714,0.0954225601165676,0.008706548197572307,0.08753528447815512,6,1
377,0.02,leaky_ReLU,0.012667497546745708,0.1150852099752978,0.019959654237075162,0.021710522771131713,0.014814277288754608,0.1278275047434507,0.022672769569153803,0.024980070311830957,7,1
378,0.02,leaky_ReLU,0.019578480098419362,0.1533501872407853,0.020477889176423063,0.053229464327823,0.025623859302997872,0.1728529578515906,0.025727474867395607,0.07252884563809728,8,1
379,0.02,leaky_ReLU,0.0071846730822982515,0.01666194824984352,0.011271694839046423,0.039243946314350915,0.009541800329570643,0.022813050512592047,0.016427371264518948,0.04335161442165735,9,1
380,0.02,leaky_ReLU,0.016342420966764328,0.13941485686163377,0.011040449674403492,0.14495776053712964,0.018750359740549404,0.15301199370812701,0.01445646312341273,0.15728026913277174,0,2
381,0.02,leaky_ReLU,0.011128940666882314,0.16951080395680096,0.02390305214047379,0.30529599210225117,0.01620458937117471,0.18539812142461912,0.029187861669684168,0.32347491282264534,1,2
382,0.02,leaky_ReLU,0.008947123870307815,0.14261229446273033,0.013725492998656438,0.10624407302796411,0.011584426895329809,0.1714430635120368,0.01629286898381147,0.12790407150069993,2,2
383,0.02,leaky_ReLU,0.005737066923437181,0.09207463647807941,0.006558130818782781,0.2162295392870942,0.007603713226762251,0.10460586533016834,0.009697218726495014,0.2722809796816115,3,2
384,0.02,leaky_ReLU,0.008078090067191837,0.16097320626427178,0.015168879694099855,0.05444761743962984,0.01085888691882165,0.1889192537856445,0.019314456203114942,0.06336923452710894,4,2
385,0.02,leaky_ReLU,0.01250775085276751,0.17408529962565866,0.012968512286521513,0.15645389538783053,0.0148958848202592,0.19562583795474808,0.015335168095883093,0.17754324106703895,5,2
386,0.02,leaky_ReLU,0.009485607082426495,0.07128458506431627,0.00807179611146187,0.06646593402672345,0.012316159470356884,0.0823639332938679,0.009520437163105416,0.07834333066491977,6,2
387,0.02,leaky_ReLU,0.012398564720755158,0.12508977806452912,0.019656767895211556,0.02112403664742414,0.015718699921709052,0.13678824720717944,0.02264617659712536,0.025210136966739915,7,2
388,0.02,leaky_ReLU,0.01747215422240938,0.07035074012112083,0.018315644384735354,0.07549897115324003,0.02328396540957187,0.08301493979575936,0.02387380273752985,0.08772498987462751,8,2
389,0.02,leaky_ReLU,0.008739481977808224,0.02457273865690733,0.02175370669199325,0.21084662159883857,0.009952742627670753,0.031896562267670396,0.025326815833274858,0.2349106906254364,9,2
390,0.04,leaky_ReLU,0.019385629440214623,0.07396868167943474,0.020063552131125612,0.012256214260159827,0.028608034017706847,0.08104095998020157,0.024412090580212837,0.014589762287154907,0,0
391,0.04,leaky_ReLU,0.011252999209452148,0.14168874880100452,0.02410099647281982,0.30352258495591516,0.016860973677947116,0.15024520586845236,0.029063116014856234,0.32180170293247506,1,0
392,0.04,leaky_ReLU,0.01641080578936972,0.06970466320686704,0.013716736649854533,0.04974052782259849,0.020799725428385096,0.08630100357673515,0.018079245173111706,0.05918753082074235,2,0
393,0.04,leaky_ReLU,0.028490920371867876,0.2495941981638834,0.033187320489074836,0.11984294173723413,0.03928377565045402,0.25761072112452926,0.036947079951195616,0.12054817753293878,3,0
394,0.04,leaky_ReLU,0.00979898995090178,0.045650953135388576,0.014202260219975128,0.06871209199533504,0.014567830092373227,0.05179697952416001,0.018693475008004952,0.07589081050406515,4,0
395,0.04,leaky_ReLU,0.009696766818345925,0.18139222196087626,0.010207569092345065,0.13633247561958042,0.01404618542137799,0.1958081647534562,0.01303098791604143,0.16009473749978786,5,0
396,0.04,leaky_ReLU,0.0113340906030778,0.1667986232497531,0.029451143806740278,0.36760275657366515,0.014552915036798425,0.18216561087033506,0.0406307250738452,0.39175228089531533,6,0
397,0.04,leaky_ReLU,0.015296758516859592,0.12041225716985572,0.023502146765923902,0.03042797830362543,0.017347688381676777,0.1351233384347122,0.029479934470522703,0.035488096846307896,7,0
398,0.04,leaky_ReLU,0.015552415683569647,0.1892122919818016,0.05266230423241917,0.027974256179190478,0.023425029402741753,0.21942440435452845,0.06769803933174195,0.02830469695409342,8,0
399,0.04,leaky_ReLU,0.012539890756486165,0.034484120960052905,0.021418901623960287,0.17798455122305326,0.014628553963338566,0.036634899727007945,0.025004078575859116,0.19507680068063177,9,0
400,0.04,leaky_ReLU,0.018268989999221098,0.03386593402885405,0.020735457798446325,0.051752960054135225,0.022330551685631216,0.04253060227297431,0.030019701119443014,0.057122026224093,0,1
401,0.04,leaky_ReLU,0.015358540239674388,0.2686953094311441,0.02370975394362391,0.3110835723600697,0.020954344199393543,0.28461683642768854,0.03032170456170559,0.32894279962361683,1,1
402,0.04,leaky_ReLU,0.017705411497068422,0.21011697425783316,0.025975269364160856,0.28142956155476956,0.02187703414713093,0.23632889236745408,0.031877586286313486,0.3099059532188264,2,1
403,0.04,leaky_ReLU,0.019920111650108003,0.14498209925832606,0.0074424072876626115,0.4210677963829104,0.02172231258341531,0.16101252535646898,0.011117205769385354,0.525834633775672,3,1
404,0.04,leaky_ReLU,0.02605519629745605,0.1532782895213417,0.01985900532897676,0.04164205910759174,0.030041352468820608,0.15496008086575086,0.02210456797906277,0.04756301313559943,4,1
405,0.04,leaky_ReLU,0.036342234887381863,0.06961153137954977,0.010833315262616133,0.15264657049154443,0.0410524456648813,0.08231981533911219,0.012676234681414301,0.1741974642450128,5,1
406,0.04,leaky_ReLU,0.025011878757849035,0.2164872739118865,0.02017791584173837,0.04756151574979225,0.028808877044837797,0.23793653525850608,0.02277810186782772,0.05959403062418754,6,1
407,0.04,leaky_ReLU,0.017540345395596856,0.10643819939796678,0.02327113900701223,0.03427097104948323,0.020749209950856273,0.12026942855049695,0.03003868468782035,0.04235595964294653,7,1
408,0.04,leaky_ReLU,0.023929654223115885,0.019720601552534807,0.024104131855914552,0.1928293161531215,0.03200454288310263,0.027345850418114152,0.032928888875934315,0.20516245375400624,8,1
409,0.04,leaky_ReLU,0.024525086532195706,0.12646699770886716,0.022465572294642078,0.200983531094648,0.02926280341164807,0.13872591114513472,0.026959866426261164,0.21883171667227216,9,1
410,0.04,leaky_ReLU,0.018724833085708766,0.02260849241385761,0.03367084904780864,0.29643073250723634,0.022561000085517004,0.023054928259857225,0.037329280383326814,0.33661591684245945,0,2
411,0.04,leaky_ReLU,0.012987417267488359,0.18156443711014797,0.02478539297794459,0.2996013653814958,0.017930746080571932,0.193335281568709,0.02917065908687526,0.3181058857839269,1,2
412,0.04,leaky_ReLU,0.014192311703936568,0.13832510512499116,0.0137959675695881,0.09625011604415308,0.018939530425001735,0.16354428428317017,0.016416350527224247,0.1156279183901301,2,2
413,0.04,leaky_ReLU,0.019349808896285545,0.2585798180042341,0.012651243826425374,0.24287588343402508,0.023717358124573106,0.2821785766267159,0.01928224041041328,0.2667861717867133,3,2
414,0.04,leaky_ReLU,0.01763760985924528,0.17588711500330284,0.015973257654750307,0.04521359471959287,0.025086374857454494,0.18258185094259563,0.022831719936033997,0.05353709854295955,4,2
415,0.04,leaky_ReLU,0.01721191442341397,0.2405829041391569,0.010442029388460745,0.15178779946536494,0.022477655727040517,0.25793125279650253,0.01216118422781523,0.1734454298420697,5,2
416,0.04,leaky_ReLU,0.015355239657870239,0.17318364205748157,0.029559140411912276,0.3651134700634302,0.019972595621372845,0.18510371234639328,0.04021467044736297,0.390622873409176,6,2
417,0.04,leaky_ReLU,0.019596392984420598,0.20285291988432017,0.02344830882466922,0.030579666880115184,0.0281808597257763,0.21356079488144225,0.02944381071870667,0.03579704332915236,7,2
418,0.04,leaky_ReLU,0.018163862511442055,0.08520333908141864,0.02752271290816945,0.08473301933377658,0.023544427701799868,0.09700669689434337,0.03559978321157772,0.09180978315596036,8,2
419,0.04,leaky_ReLU,0.01607150294000975,0.12558745670818264,0.0218217843381212,0.09923038801837973,0.01860051151100092,0.13689630632967695,0.026420664998077464,0.10546438207285277,9,2
420,0.06,leaky_ReLU,0.025041057450596673,0.03493393711750071,0.022497326551601037,0.008497612904060009,0.033554200801347,0.04004380920458157,0.03129815836032777,0.008820347424140562,0,0
421,0.06,leaky_ReLU,0.030509901881257292,0.3632754416933077,0.02379580885861341,0.3066128291355303,0.04017921842319049,0.37945576708303097,0.029349554883283318,0.3247180367987188,1,0
422,0.06,leaky_ReLU,0.01877133550590402,0.11020880763543614,0.03670744282477312,0.3156067107697956,0.023855663030416682,0.13604372154370187,0.043353216503996296,0.3476884158760076,2,0
423,0.06,leaky_ReLU,0.010075627315592299,0.15558426301202555,0.010791573998935215,0.35230469021385113,0.01347622710832137,0.16440633888445474,0.0163309141075383,0.3721670656388223,3,0
424,0.06,leaky_ReLU,0.026527743713347006,0.32636374426636167,0.01883531328316236,0.04795721206730953,0.029431595883916306,0.35196831403014367,0.02155627475601288,0.05639150582385399,4,0
425,0.06,leaky_ReLU,0.01652742770985523,0.45909952576463925,0.010521543954236382,0.13583416849953503,0.020372562997573954,0.4925901033182579,0.013359002346090975,0.1596706059314693,5,0
426,0.06,leaky_ReLU,0.017701952620996667,0.1883242472536595,0.04931031971126858,0.13045535739667333,0.022872622835546568,0.19939185995595016,0.055582614438436734,0.13065633096698276,6,0
427,0.06,leaky_ReLU,0.014704072227306509,0.09535972754964764,0.023562054027844878,0.030327122797761723,0.020835567740798092,0.11129179066285494,0.029514608718309725,0.03526156404485526,7,0
428,0.06,leaky_ReLU,0.02271409523508391,0.1297964969568228,0.052881131407840704,0.022917814348383605,0.030459270493250663,0.14030257831338253,0.06758571561284708,0.023275248109117064,8,0
429,0.06,leaky_ReLU,0.019597092977917584,0.2027383989785407,0.08649687242548125,0.3506447162797743,0.027717154112946542,0.21171717487410388,0.1109612982569819,0.35473125134639666,9,0
430,0.06,leaky_ReLU,0.019035383829203674,0.03126540810653038,0.033798744186220336,0.25083914826619247,0.02425647604282814,0.03859760051747953,0.03728367385694135,0.29031684135873315,0,1
431,0.06,leaky_ReLU,0.015375829457272604,0.13230758749368296,0.024570396524030074,0.3006763476510684,0.020471774279086866,0.15117770609628603,0.02908867178970054,0.31911853983857835,1,1
432,0.06,leaky_ReLU,0.036490757795544136,0.06586179694838015,0.0686145996878337,0.2875645579761064,0.04441969832961175,0.07949496810378319,0.0789708623895039,0.2896388134612679,2,1
433,0.06,leaky_ReLU,0.023222022271964887,0.07564553010704034,0.06005536017018088,0.4006619394008275,0.025815504563217774,0.07936319389608032,0.07723541856110948,0.41022480132248296,3,1
434,0.06,leaky_ReLU,0.02155289216831865,0.06006557271822635,0.016526321483465025,0.044985290172193264,0.02839759708138624,0.06978998834917978,0.019121539742863916,0.05247261433860099,4,1
435,0.06,leaky_ReLU,0.026211458195783553,0.046810453835225904,0.008233201762179489,0.1434106851625945,0.02996936974347782,0.05743377943242862,0.010023788402506378,0.16616379173985918,5,1
436,0.06,leaky_ReLU,0.019247847408738212,0.07926161706613555,0.02392366690001889,1.6645723480519306,0.022347924128344594,0.09322367350484094,0.035102484602803956,2.446949459002128,6,1
437,0.06,leaky_ReLU,0.03783564804873696,0.21584091364069172,0.024817244386804656,0.029568256949048067,0.048811701011504095,0.22961654388498562,0.03073900846572625,0.03340921055069902,7,1
438,0.06,leaky_ReLU,0.019195099377963862,0.11663396308711164,0.0402313484322997,0.04882066342360003,0.02540494420308454,0.13250779775750124,0.05527488986738859,0.06050593641852098,8,1
439,0.06,leaky_ReLU,0.029770077011312922,0.031793596710857096,0.09488698424446905,0.32827398436449634,0.039460250294908655,0.043207008580604216,0.11035537485715581,0.33263546479201317,9,1
440,0.06,leaky_ReLU,0.014038867667446846,0.0972459804192294,0.03356135577902124,0.2873887691246714,0.01921566013294816,0.1101331023639245,0.03706482670794149,0.3274061224721349,0,2
441,0.06,leaky_ReLU,0.023525165577402078,0.26660990094834963,0.024261757909320277,0.315556601135111,0.0285164818371418,0.2805941492960938,0.03189750097586304,0.33317614703316284,1,2
442,0.06,leaky_ReLU,0.013753655862339153,0.10882338859788299,0.03753857333884893,0.30713570922240563,0.015946373716648855,0.13458138763780386,0.04382759468801105,0.3392915577323334,2,2
443,0.06,leaky_ReLU,0.047817420177249596,0.3134681848109794,0.06238151267727625,0.3961955166067627,0.057134902167746096,0.3249894744700817,0.07791800896146786,0.40586362896290396,3,2
444,0.06,leaky_ReLU,0.03429023395127608,0.31353371762644505,0.01455715761145778,0.0997695728409758,0.04901511411237607,0.3169139057157852,0.022942759397711687,0.10377012884347588,4,2
445,0.06,leaky_ReLU,0.022432249096167,0.07726955382290115,0.01003251526379976,0.13662436423126936,0.02668839608624801,0.10007321605405207,0.012843939359239304,0.16034337519261918,5,2
446,0.06,leaky_ReLU,0.04661588092563112,0.06616249225329335,0.027800467608402536,0.3699705125652838,0.058575733136769066,0.07828002614001092,0.040790331357979645,0.39365126756512236,6,2
447,0.06,leaky_ReLU,0.03569615900457576,0.08269555954124413,0.02642231727931903,0.030407251387066396,0.04862333031258835,0.09050859122085493,0.03253011361025742,0.034209393215099235,7,2
448,0.06,leaky_ReLU,0.028093504287584274,0.0670841017764173,0.10143510595990667,0.15485562845202733,0.03706368535849736,0.08060177512155077,0.1144878735371479,0.16996694052916506,8,2
449,0.06,leaky_ReLU,0.021464015880872035,0.06682375604546645,0.026653357308950004,0.20965416977032741,0.029362824216988687,0.07994199908911755,0.03275391063055394,0.22438915752339159,9,2
450,0.08,leaky_ReLU,0.03321326711027384,0.16627882206960332,0.03392822097250023,0.24602260274672352,0.04268715209006878,0.18359673311230132,0.03746559393974644,0.28544874230377326,0,0
451,0.08,leaky_ReLU,0.08365631994362609,0.08159272514080694,0.026494481301201286,0.2933519675211464,0.08793439849526631,0.09299722148884612,0.030405075139018144,0.31222708607750216,1,0
452,0.08,leaky_ReLU,0.011821319558499023,0.1603637613872005,0.03805598488841923,0.33714652708240606,0.01419099766337684,0.18972419591150277,0.045178054068271835,0.3681425214808647,2,0
453,0.08,leaky_ReLU,0.014908323520009962,0.20141444310712256,0.047882018511030924,0.43342837913501675,0.016413232940368488,0.2182418978469612,0.08005218283874548,0.44228334557752236,3,0
454,0.08,leaky_ReLU,0.02751001091116669,0.4944243296899332,0.09336355377182556,0.1505234580155833,0.032308165589297645,0.5356162569165923,0.10336844815555563,0.16418739349743647,4,0
455,0.08,leaky_ReLU,0.020556018137098085,0.3993806035778947,0.02768954433848874,0.17245857172577475,0.03524690559139462,0.4884215699351739,0.029416697741452478,0.19179608971054826,5,0
456,0.08,leaky_ReLU,0.016875966743019118,0.4561734430117523,0.05993682583371838,0.4601891111382913,0.020623474489558976,0.5168282535997155,0.07230860374200336,0.49199444647065865,6,0
457,0.08,leaky_ReLU,0.06891613950190151,0.332988664346588,0.023337464405833352,0.030950442788415872,0.08450438648035934,0.36231598777146024,0.029398727697557123,0.03652497241940394,7,0
458,0.08,leaky_ReLU,0.032357454959481745,0.1988345775810181,0.059283581613310814,0.323546797278339,0.03870025534986103,0.21543294324330364,0.07274385466249048,0.33311997859274917,8,0
459,0.08,leaky_ReLU,0.01255348725068396,0.17562319569041568,0.08494323702874619,0.35620673927676155,0.019400420243579377,0.19167800267210489,0.11180837975352347,0.36023018298449094,9,0
460,0.08,leaky_ReLU,0.03614550325216741,0.13255746193972595,0.11106433305801906,0.3623174465953626,0.04122098002979212,0.1372584043658553,0.12534095936250203,0.36799975887130165,0,1
461,0.08,leaky_ReLU,0.031423932606293205,0.06686770166443765,0.032344614147712544,0.27932109360063356,0.0388588109602031,0.07413122489171019,0.03706926088339871,0.2990830148339656,1,1
462,0.08,leaky_ReLU,0.03495549083305427,0.08143699004348309,0.06854773118205806,0.2890324030643723,0.044494657723802344,0.0874533866480026,0.0789884099219269,0.29112896693942253,2,1
463,0.08,leaky_ReLU,0.038860068938520655,0.03960100815269259,0.04973408374356489,0.426088821131204,0.055561729728863134,0.04767562153693842,0.07824634277436611,0.43509318706297556,3,1
464,0.08,leaky_ReLU,0.03879037233774399,0.1981567803239468,0.09190683035289474,0.1862429476790267,0.046236949538606485,0.20260318388434354,0.10458998758823206,0.1974503085099784,4,1
465,0.08,leaky_ReLU,0.021827310022609313,0.09525523474556176,0.008738350345864159,0.1468137277980547,0.02482772298799636,0.11987394131406706,0.010139627217439464,0.16910958499305648,5,1
466,0.08,leaky_ReLU,0.05404304220034389,0.08512218286003373,0.04710794396426004,0.09165983002127413,0.06328808367917949,0.08567250265599399,0.053729947923423206,0.09170047930170344,6,1
467,0.08,leaky_ReLU,0.05811997817511332,0.3139400503503902,0.02511921513027058,0.029660348602814218,0.06654831958233696,0.32740735907806273,0.031084145087390876,0.03341580309094908,7,1
468,0.08,leaky_ReLU,0.0602473031444906,0.1013841105033976,0.10198427950925106,0.15815066974809355,0.0741281870412962,0.1068628405852876,0.1145099571166917,0.17297436096526836,8,1
469,0.08,leaky_ReLU,0.021434568795354554,0.434607508066131,0.04423080555400126,0.5738262141141738,0.031855038075776144,0.4725969251898523,0.057392587381942965,0.6173487983862601,9,1
470,0.08,leaky_ReLU,0.020739996332585105,0.022999538943300788,0.02670227136098903,0.01524997786364672,0.028515258297867597,0.02879195250414653,0.03735226906243089,0.017516393908138042,0,2
471,0.08,leaky_ReLU,0.024127567494877145,0.16160670270427438,0.02965829605378798,0.32708968534525396,0.029130005931568424,0.17234061408076323,0.03814243484959282,0.34411922162410147,1,2
472,0.08,leaky_ReLU,0.03505611401731064,0.19603153830647743,0.022363538683152905,0.04966197710105332,0.040725869306462124,0.21938980526915242,0.030103592174082296,0.05890739963275099,2,2
473,0.08,leaky_ReLU,0.03356058430941602,0.23700897181991132,0.05280609978444793,0.4171660612958358,0.04286087317542922,0.24302525008722559,0.07694199370470375,0.4263589105820579,3,2
474,0.08,leaky_ReLU,0.014805158722355265,0.07462352010066776,0.02539238898808499,0.09256038975710966,0.01962407468267184,0.0801041485906305,0.03125272838363557,0.09626939123307984,4,2
475,0.08,leaky_ReLU,0.025560910652888715,0.20893822418128918,0.012074265120805238,0.15499437697310173,0.03175341681674441,0.22565418499260842,0.01425443841373567,0.1762584408187093,5,2
476,0.08,leaky_ReLU,0.027289362459278887,0.03969253316211613,0.04904316834057344,0.09888243993774215,0.03208417106564565,0.05002220822445948,0.05380412962086381,0.0989719540686637,6,2
477,0.08,leaky_ReLU,0.07809983802820011,0.287648173918885,0.025058450280070085,0.029638404128393834,0.08925330742117549,0.30574444579144416,0.03101615583938082,0.033406667159359624,7,2
478,0.08,leaky_ReLU,0.03310315440449633,0.15382583761686205,0.10107804335064532,0.15255130766367803,0.04464578088124968,0.16276307882471136,0.11452877078783852,0.1678701780527755,8,2
479,0.08,leaky_ReLU,0.02681604718726022,0.15504529959878777,0.08626212955132236,0.3514271925269706,0.034536953202382974,0.1619022615843203,0.11106402246510924,0.355504733124955,9,2
480,0.1,leaky_ReLU,0.030651104951151795,0.06769797597544737,0.03496777344772049,0.3398417799150225,0.03362113670597792,0.07100129545422346,0.04023474484247369,0.380977204821552,0,0
481,0.1,leaky_ReLU,0.021994513166353584,0.28892003793075105,0.02366820133727247,0.30983112521152284,0.026598625923000732,0.30569066170677,0.029985398099089393,0.3277586041307818,1,0
482,0.1,leaky_ReLU,0.03281775849775536,0.15735819581696286,0.04376797840276412,0.264982174019905,0.04000057056834464,0.18877217310956945,0.05147048033599139,0.3009924440259528,2,0
483,0.1,leaky_ReLU,0.023673607372283804,0.14912978890072337,0.05351137261013208,0.4153595372035066,0.028980068303940704,0.15341327134689653,0.07680150192484939,0.4245915014240739,3,0
484,0.1,leaky_ReLU,0.05196508520713552,0.20081351229580383,0.09650535510014485,0.1288617465102021,0.06716243056978173,0.20131053767935456,0.10850786886097649,0.1445874769271964,4,0
485,0.1,leaky_ReLU,0.03658781387572493,0.1676766368306855,0.008496701584489036,0.1407711652791909,0.04189998830110649,0.19409586344867497,0.010705799445823005,0.1638911286208737,5,0
486,0.1,leaky_ReLU,0.054592458432668065,0.08259834379149934,0.12535432299355645,0.2309478642763186,0.06110270919151144,0.08339881995967305,0.14235517018333627,0.23495631016974036,6,0
487,0.1,leaky_ReLU,0.040136363247085693,0.1091364251075521,0.03333324267333925,0.05885006197296711,0.04935150412180344,0.12958806738840725,0.04395359673647,0.07760384150093903,7,0
488,0.1,leaky_ReLU,0.04293476510245315,0.14036625478077583,0.09841274957301306,0.13323554681835895,0.054275114015250855,0.1498838754076215,0.1166745841222035,0.15053307326152454,8,0
489,0.1,leaky_ReLU,0.04831669784918886,0.12293245637280141,0.08755841374332778,0.3472090068377484,0.05409530855324939,0.16008200844008763,0.11057467692371509,0.351335506398247,9,0
490,0.1,leaky_ReLU,0.028069974884445476,0.1674290343730628,0.033871374903846875,0.3061554340423133,0.03514658073991865,0.1721561408324373,0.037750843907454104,0.3465338498675499,0,1
491,0.1,leaky_ReLU,0.06556604430663351,0.5087202199787215,0.026780787299502104,0.29249304952624394,0.07354888950684099,0.5349636213064181,0.03067053263086639,0.3114202312841637,1,1
492,0.1,leaky_ReLU,0.014963997551947668,0.1065858321784309,0.03979288374714635,0.28185944862750667,0.018943909716016758,0.13224212704837254,0.04471829863278996,0.3155561580224572,2,1
493,0.1,leaky_ReLU,0.0398910237780654,0.21060335653503887,0.05908763511976267,0.40262977568095665,0.048695472360808956,0.22355543734613006,0.077015003796115,0.4121469813070765,3,1
494,0.1,leaky_ReLU,0.023998771046065768,0.38725862714145975,0.0917303535352729,0.18083198310034265,0.03670331535418516,0.4006723748601153,0.10361749618835804,0.19235486706219726,4,1
495,0.1,leaky_ReLU,0.031355959304631024,0.11889110548546526,0.008210784923833776,0.1441195264072486,0.041677105347155435,0.13836698947445783,0.009952541979912018,0.16677595437715867,5,1
496,0.1,leaky_ReLU,0.03365669683176542,0.035947024871705834,0.04858804505295229,0.1342097614587416,0.050256168828578855,0.04556315434530761,0.05592589153182868,0.13437642717200046,6,1
497,0.1,leaky_ReLU,0.05475167693807045,0.11961798882779659,0.02484026496017072,0.02956941209552064,0.06985128576339386,0.13861440469458772,0.030764416371002662,0.033406043049358985,7,1
498,0.1,leaky_ReLU,0.05503227435665569,0.03495584726553894,0.09762339599426705,0.12632309573834058,0.06405311694635321,0.050667093004975725,0.11820238552479763,0.1444507519069747,8,1
499,0.1,leaky_ReLU,0.09012568182941345,0.16742684118571294,0.10668966077504415,0.3006400834544144,0.09691255554421281,0.18247380320828036,0.11573452771452386,0.30539646921065455,9,1
500,0.1,leaky_ReLU,0.038594296198721026,0.06626867047032348,0.036184084539321724,0.029508960704044414,0.04187529151077866,0.08163432996344659,0.04268228417982644,0.03627070479685385,0,2
501,0.1,leaky_ReLU,0.033974084800219344,0.3276320019528376,0.027139216406805066,0.32242075363519435,0.045518322459282216,0.34059449985665924,0.035294855289947046,0.33968444004194087,1,2
502,0.1,leaky_ReLU,0.03332187636427597,0.15007911808570112,0.04206089892011145,0.3120512036232439,0.03657317091695621,0.17579188244338678,0.050404303971390174,0.34293199445180567,2,2
503,0.1,leaky_ReLU,0.055039550424269244,0.2333470652099433,0.06134884352486931,0.3981330455091403,0.0665704452778647,0.24311876653482506,0.07759107109917263,0.40775522052086755,3,2
504,0.1,leaky_ReLU,0.019852289312880998,0.04628592463463699,0.014914862319432776,0.0989448141251364,0.02525636635625866,0.05392334053726649,0.023099293597839597,0.10284542235266031,4,2
505,0.1,leaky_ReLU,0.05415938141250171,0.22334919862536481,0.008310622712244097,0.14226414432937054,0.0646632076632663,0.2478830373460536,0.010242347361453498,0.16517526397233473,5,2
506,0.1,leaky_ReLU,0.0374628740538034,0.03373088069379974,0.05151531856311983,0.15488269627313372,0.042492491400920845,0.03977684709456235,0.05970041696692509,0.15526027627235725,6,2
507,0.1,leaky_ReLU,0.025444387653321413,0.20220895979815268,0.023265373931928655,0.03420075792030764,0.030590501433909175,0.21805294807433998,0.030015531330050964,0.04224050532325475,7,2
508,0.1,leaky_ReLU,0.06040694096149036,0.11251040000487683,0.09666641152237727,0.11362416286117208,0.06965994644348408,0.12326799564079743,0.12200029100111076,0.1334473740257274,8,2
509,0.1,leaky_ReLU,0.0414675186906323,0.22156443470821963,0.09196245974745855,0.33558529560702266,0.05319128363005414,0.22993807667270094,0.11005467810243566,0.3398529597554063,9,2
510,0.12,leaky_ReLU,0.07613625889674407,0.2675975422175047,0.1103767593446814,0.3499384429540572,0.0856188881209587,0.2732052567096213,0.12286196348991887,0.355818499068082,0,0
511,0.12,leaky_ReLU,0.02932735840403855,0.25851113608103926,0.024108700291902364,0.31459631613316535,0.037174859383968945,0.276609047884538,0.031512358569919074,0.33226678822367833,1,0
512,0.12,leaky_ReLU,0.01720067519590678,0.15222368929044108,0.037949190399354085,0.30300418738490986,0.020635572959521235,0.1818097191749814,0.044185629072259244,0.33524321784752814,2,0
513,0.12,leaky_ReLU,0.05386644344264284,0.34450660214539497,0.046801536556089304,0.4398891699116685,0.06717865863310758,0.35627806956329866,0.08215320232060788,0.4486166289174031,3,0
514,0.12,leaky_ReLU,0.04008724051392513,0.07297321850378766,0.0947624536299926,0.13959427337916563,0.054286228411580845,0.09428151483532235,0.1054378585089747,0.15422953650572319,4,0
515,0.12,leaky_ReLU,0.04865264491366727,0.21927317781362834,0.012948528504741779,0.15642234204817831,0.07168871974318071,0.23475206464169454,0.015311139177886438,0.17751543639469716,5,0
516,0.12,leaky_ReLU,0.06528561718994118,0.05646248044978365,0.11499942313028762,0.1862105922710224,0.0797493889150607,0.06972019661654262,0.14172351430680974,0.19115945267946158,6,0
517,0.12,leaky_ReLU,0.056685702638544465,0.14458650422963754,0.02444469986995,0.039582764008734575,0.07601286186886778,0.16331827101401675,0.03235727936589363,0.05076721163882866,7,0
518,0.12,leaky_ReLU,0.055226246804835635,0.17075161512682077,0.10060006014610764,0.1493647529667602,0.08050523024260203,0.1828875553599829,0.11466162564557143,0.16497977039138376,8,0
519,0.12,leaky_ReLU,0.05471905133363705,0.11946897300915453,0.08621842549841706,0.35157287270332155,0.0774413757091707,0.1298237319414099,0.11108374561911738,0.35564874307063565,9,0
520,0.12,leaky_ReLU,0.038332051738720084,0.03875914589146179,0.11095585313909023,0.31290928749810076,0.04369760280732341,0.04466706286649551,0.12281727619009568,0.3194716147399043,0,1
521,0.12,leaky_ReLU,0.03571710539077265,0.17875633964854493,0.03726834551405938,0.3390082520388821,0.042673885750795476,0.18463076860550498,0.046758632120334265,0.35546725782043337,1,1
522,0.12,leaky_ReLU,0.0208396821547682,0.5491381341821141,0.03911352147620958,0.28763429662564877,0.0249319178049694,0.6348455571232857,0.044529266167756064,0.32142239961871905,2,1
523,0.12,leaky_ReLU,0.034623781576027336,0.651732376569729,0.0541603218640037,0.4137371640688275,0.043536915381744194,0.6931024558776641,0.07671137954323473,0.4230045376439289,3,1
524,0.12,leaky_ReLU,0.05637031728343157,0.33732503608341413,0.06114289555422319,0.41839209612390926,0.09181003111729656,0.3891621863138799,0.09487283418853694,0.4193001240750434,4,1
525,0.12,leaky_ReLU,0.04673974574320896,0.3811231274067943,0.03954170700946118,0.1843107343967472,0.05748368086395744,0.38666031237056636,0.04076981522598445,0.20251969751219454,5,1
526,0.12,leaky_ReLU,0.048580401083434026,0.7308721925750704,0.05149027502571139,0.17559657656627975,0.08018860545597914,0.7362028895102705,0.06290565955440953,0.17600212286697314,6,1
527,0.12,leaky_ReLU,0.052848785564927704,0.316177995780389,0.026039035380764977,0.030160229911805125,0.07361058724099366,0.3451101703348838,0.032106215809344675,0.03388317377811442,7,1
528,0.12,leaky_ReLU,0.06759121439842919,0.23077701151067365,0.10031983269186769,0.1474965699384937,0.09179445948755902,0.26209388908866854,0.11478058614247577,0.1632903345369632,8,1
529,0.12,leaky_ReLU,0.0474336374858134,1.3464565185638755,0.08862641909702387,0.34417929820671106,0.05781496803203083,1.4536436660538714,0.11032143207322892,0.34834168992660236,9,1
530,0.12,leaky_ReLU,0.02425662338826825,0.024517551516526723,0.03548430982349712,0.35096904637120846,0.03154583020829004,0.030586358412549614,0.041370127028237405,0.3923801682067004,0,2
531,0.12,leaky_ReLU,0.043056238217280066,0.441939963598625,0.03252590261678654,0.2789702126927484,0.05540603231743768,0.4774816479967914,0.03728835499844031,0.29875534472500653,1,2
532,0.12,leaky_ReLU,0.0392586401309456,0.23155322512246101,0.15503933725755165,0.09940534797478202,0.048761654589537316,0.2795501062175468,0.176708873227577,0.12062888122953601,2,2
533,0.12,leaky_ReLU,0.04490593521037697,0.24230475365936838,0.05691338883732282,0.4072692611126067,0.056987151317864464,0.2707594721194475,0.0766929409620846,0.41668051188272154,3,2
534,0.12,leaky_ReLU,0.04559664808883737,0.2698868463077404,0.09224356081963364,0.19147606731541625,0.05479128665786636,0.27185308873447916,0.1057855956347851,0.20239385644107574,4,2
535,0.12,leaky_ReLU,0.036442138085386086,0.2271433853292889,0.03937937085299199,0.10731542524355286,0.038518038950383006,0.2559711032451669,0.040612388370007454,0.13472475930941183,5,2
536,0.12,leaky_ReLU,0.05693872677528091,0.07266075284646188,0.11931264040313531,0.20922417395441736,0.06268438671192485,0.07492589659337988,0.14027801477936713,0.21364060157585837,6,2
537,0.12,leaky_ReLU,0.07812936744338549,0.2051940177967488,0.12405336779523364,0.12952393831391268,0.09089944906235888,0.22969413066319957,0.13993901255526656,0.15330545148515226,7,2
538,0.12,leaky_ReLU,0.05743544656518022,0.0194643542288331,0.101471657953807,0.1550749404154292,0.06906030972406231,0.020843591768945395,0.11448639759230779,0.1701667780573556,8,2
539,0.12,leaky_ReLU,0.0447821646817209,0.14279583722290023,0.10487681172435775,0.3046686369003841,0.06005534674261299,0.15492813358046967,0.11455168378024094,0.3093630907810354,9,2
540,0.14,leaky_ReLU,0.020171784844394518,0.07244650369663143,0.03381418574146674,0.3035470984397462,0.03040660074199994,0.07967782277465864,0.03762405813773023,0.34387245365675967,0,0
541,0.14,leaky_ReLU,0.048422649286773665,0.16655878218766965,0.023851960033403518,0.30583508477552107,0.05693409575758266,0.1860759620335388,0.02924699743633711,0.32398375809841207,1,0
542,0.14,leaky_ReLU,0.07446192626223119,0.0619081052846152,0.07972806504816812,0.2989306629082688,0.08768337980400083,0.07097991476453636,0.10775203787681985,0.3084556254867948,2,0
543,0.14,leaky_ReLU,0.054041444989399993,0.08736124852643397,0.0674730980949808,0.38722691782753166,0.06487042268521931,0.09252134899507677,0.08002730587782422,0.39711343949285843,3,0
544,0.14,leaky_ReLU,0.061797390113129604,0.2574571439440454,0.09949027787846106,0.2289950531068149,0.07367493243878609,0.2677398554548058,0.12082191568797687,0.23819933483934405,4,0
545,0.14,leaky_ReLU,0.0359283445295759,0.19125940388945914,0.02595514190992148,0.1707241692972075,0.042405408750182345,0.21606120956168576,0.027790297441787196,0.19023806939932936,5,0
546,0.14,leaky_ReLU,0.03785218007765616,0.8950282401840237,0.11742224703808932,0.20036538711978055,0.05673007022509087,0.961799290471151,0.1403903141641035,0.20497277875475534,6,0
547,0.14,leaky_ReLU,0.06747368654580767,1.6277760283056115,0.11458207871163203,0.15324169830487136,0.08660996568124123,1.7645885073149659,0.13690503052067723,0.17415236540158965,7,0
548,0.14,leaky_ReLU,0.05822503362902367,1.783767349983419,0.10653185038590483,0.1804959232366262,0.09654718085299607,1.900272044988211,0.11713139514006315,0.19361630487800982,8,0
549,0.14,leaky_ReLU,0.05936639061213102,0.3193253521348675,0.0816374995063779,0.38462157074884556,0.06912564994375547,0.33687428632540173,0.12012742025666567,0.3883507387815379,9,0
550,0.14,leaky_ReLU,0.10417992604506447,0.34731639166938366,0.11018551023253984,0.3331944025248969,0.11642523388514463,0.3538456483146476,0.12145140122950066,0.33936470101628974,0,1
551,0.14,leaky_ReLU,0.09431324880572221,0.8497514704592901,0.03180660799713285,0.33074791990727387,0.12187977907240687,0.8824737058953912,0.04060982760305905,0.34759827812419997,1,1
552,0.14,leaky_ReLU,0.05194471279690623,0.6163149120284971,0.0395900468286213,0.2847583463591849,0.06287691935660893,0.6598879540482728,0.04513390343976096,0.31883552224443007,2,1
553,0.14,leaky_ReLU,0.049534371209782435,0.726044956971078,0.055835341187383494,0.4096985722186601,0.07285041951788403,0.7549403837066908,0.07663588316989865,0.4190552684475485,3,1
554,0.14,leaky_ReLU,0.05916855833875529,0.18650081951058164,0.10090267064304617,0.10843121621532457,0.08885144769802701,0.20715176352352058,0.11688008897776228,0.12671826001191558,4,1
555,0.14,leaky_ReLU,0.041043338837578665,0.03974450219261678,0.03423530632646361,0.11138997366563465,0.052350478734336674,0.044685472273918926,0.03564670306782439,0.13878575055860087,5,1
556,0.14,leaky_ReLU,0.08115032279405732,0.7732972517680414,0.05479053485851104,0.46271805245231923,0.11309186406873625,0.7922106971471845,0.0719961599118406,0.4912318464367008,6,1
557,0.14,leaky_ReLU,0.17518500256773356,0.40757112376050225,0.10140660278421315,0.22191562110446128,0.23228761987597085,0.41150639340992423,0.15077917220913686,0.23683870284602226,7,1
558,0.14,leaky_ReLU,0.07406745705128913,0.1306879687360977,0.09992609524552416,0.14458563936219238,0.0889346868418805,0.13157155666883943,0.11502618810799499,0.1606658094285973,8,1
559,0.14,leaky_ReLU,0.07701728072817335,0.2155186056819093,0.08693477655024677,0.34918503586388927,0.1160692597187204,0.22474157909356582,0.11078418763734912,0.35328845565362405,9,1
560,0.14,leaky_ReLU,0.05872962786046242,0.18765535153073112,0.11062370566672311,0.3181675897243732,0.06689813995327563,0.1943583160965518,0.12214164569017408,0.32462363680571665,0,2
561,0.14,leaky_ReLU,0.05071345736534249,0.09743032151220887,0.024587888289341966,0.3005888888245089,0.05752139068465997,0.10233123639063835,0.029093866522626886,0.3190361366940635,1,2
562,0.14,leaky_ReLU,0.04462473317770435,0.06990775309901903,0.03636052630210796,0.3169538347844127,0.05252308574248858,0.08336609443619464,0.04427004138289581,0.349637326716082,2,2
563,0.14,leaky_ReLU,0.06989387297990832,0.5552564516852119,0.06523510850796715,0.3910091329358282,0.0862964009707637,0.5838116335633514,0.07902061108757401,0.4008023702211182,3,2
564,0.14,leaky_ReLU,0.04905960686893089,0.09613707960914916,0.09184504565051066,0.18500725363134507,0.07744771987025127,0.11734260975410674,0.10434397964861733,0.1962851819845956,4,2
565,0.14,leaky_ReLU,0.07938638504332235,0.16269468442254467,0.010261459847796828,0.13624508520533432,0.10436029328379387,0.19451144387516744,0.013087735887467197,0.16002032467524646,5,2
566,0.14,leaky_ReLU,0.06671531090654234,0.06768503784064683,0.1314967384784107,0.2482713732118755,0.10398059854845347,0.07722236707582025,0.14632015954781766,0.25200441748369556,6,2
567,0.14,leaky_ReLU,0.09357897528413149,0.19565485390758638,0.09749187627846564,0.5194641883189387,0.13357565195153673,0.19604626154398022,0.12301418837156804,0.5342647746979758,7,2
568,0.14,leaky_ReLU,0.09768361296805524,0.2516411017729467,0.06157597099514245,0.024889251440736053,0.14508435398587521,0.2536956115442323,0.07460722881819301,0.02676054058541064,8,2
569,0.14,leaky_ReLU,0.06655175656119415,0.20822120998339486,0.09353813138229582,0.3316461165199294,0.09239062126500613,0.2551314997487068,0.1101565120925497,0.33596382279883596,9,2
570,0.16,leaky_ReLU,0.03788672974240021,0.03750600340587531,0.11041947244415791,0.351219835938353,0.04325965550681671,0.04458903454319275,0.12306312550750835,0.35707879183524227,0,0
571,0.16,leaky_ReLU,0.04536109871797292,0.24460469669719137,0.02801952187319675,0.3241245706669202,0.05182910766669383,0.2647415818725264,0.036290325081181685,0.34130208575679044,1,0
572,0.16,leaky_ReLU,0.06178736859300518,0.05236656161184644,0.038894200853428464,0.2896672264317343,0.07539893522823413,0.06054628591455556,0.04421621606175694,0.32277168795696093,2,0
573,0.16,leaky_ReLU,0.06621663012117482,0.39690253648963497,0.05352893595225261,0.4153156288482053,0.08624327257142454,0.40420133355477794,0.07679861299074038,0.4245485478731712,3,0
574,0.16,leaky_ReLU,0.04751372624190739,0.06922032558887868,0.09304710706233231,0.153608713368981,0.08462247592629889,0.0859593521503065,0.1029868574588909,0.1670204346581182,4,0
575,0.16,leaky_ReLU,0.11136002502457727,1.9006871382180885,0.016225446676311452,0.16084853734408477,0.13887555864857712,2.016456566776014,0.018899256090905613,0.18142776257313523,5,0
576,0.16,leaky_ReLU,0.10961758871018894,0.8016915680661927,0.11863144923095614,0.20622579319568546,0.14116563509761923,0.980602158301691,0.14025340533914207,0.2107050769534896,6,0
577,0.16,leaky_ReLU,0.10132394314571534,0.47619658071046395,0.11470830596432359,0.1528810490114669,0.13094324020636486,0.5040294153419632,0.13691940508480294,0.1738351041143708,7,0
578,0.16,leaky_ReLU,0.14023456972489617,0.18157756686420726,0.09719118371598903,0.12117580872693098,0.20585354816759432,0.21511333802863267,0.1195871626031696,0.13997168224393877,8,0
579,0.16,leaky_ReLU,0.09789363485414612,0.7472477209916695,0.0891239418189415,0.34284242245014024,0.12260330167724483,0.7623811777395627,0.11023598217436273,0.34702084988994175,9,0
580,0.16,leaky_ReLU,0.03557230750273844,0.096512914538436,0.11061642228074617,0.35528627786561884,0.041043562098295516,0.09740260264359224,0.12378720772364916,0.3610792567588984,0,1
581,0.16,leaky_ReLU,0.06396697061908668,0.4094045621177537,0.023670624575663095,0.3099765195149604,0.07074042957331991,0.4296031778818605,0.03002195199924566,0.3278960492023789,1,1
582,0.16,leaky_ReLU,0.03846565120867645,0.23484357126038166,0.04626971962033956,0.35895261544359497,0.04601297058656376,0.2714208547348639,0.0563765162028195,0.3912928548553658,2,1
583,0.16,leaky_ReLU,0.05601625727303056,0.08213380830791242,0.06836223328773115,0.38574502583961434,0.06586449071186863,0.0997613093033716,0.08046678529053092,0.39566857708901143,3,1
584,0.16,leaky_ReLU,0.10637687909246978,0.34376401070721535,0.09572510586837696,0.13331692173061482,0.13043038533582016,0.3454596767844086,0.10711367991872377,0.14857183579077107,4,1
585,0.16,leaky_ReLU,0.07864754858805144,0.05084356271306786,0.06181009956200871,0.2065791269492947,0.1091967775870486,0.06066615330523188,0.0626028725235853,0.22297694221083783,5,1
586,0.16,leaky_ReLU,0.06105300906510136,0.2025376878945794,0.13524229563248027,0.2578004332074994,0.07096810783838575,0.2114201847145482,0.1493153392442086,0.26139742737211613,6,1
587,0.16,leaky_ReLU,0.0863456439238381,1.0754386649268486,0.11909489575455189,0.14094308961493088,0.13102928036590647,1.0999583905253296,0.13792764053666076,0.163434949707246,7,1
588,0.16,leaky_ReLU,0.08388563885552619,0.9229515658119815,0.10553968401888342,0.1759213702428841,0.11740878299933248,0.9353353258248399,0.11625040643412897,0.18935898108541435,8,1
589,0.16,leaky_ReLU,0.08681072646611748,1.6029376192062423,0.08161386094443991,0.3788851815005229,0.1373311448471558,1.6182252372143364,0.11794481940870058,0.3826702554256618,9,1
590,0.16,leaky_ReLU,0.07583577984814895,0.2557824827689284,0.11018551023253984,0.3352631098916874,0.08406320553342211,0.2614116020417071,0.12150169219858192,0.34139602117804246,0,2
591,0.16,leaky_ReLU,0.03837595740947489,0.12415253514983908,0.02628736875985542,0.29397330514518405,0.040354336535231836,0.13840306325502832,0.03022680819485423,0.31281093422369954,1,2
592,0.16,leaky_ReLU,0.04198889234065291,0.0771632065298922,0.163488756270529,0.12164546450077837,0.05664406117571095,0.08819977148756278,0.1800348486993462,0.14616085930162637,2,2
593,0.16,leaky_ReLU,0.08606939923536018,0.2537254736456387,0.05607344532913143,0.4091491011223188,0.09872208683644931,0.26793597440513,0.07664205415451038,0.4185180819090612,3,2
594,0.16,leaky_ReLU,0.0759740264816635,0.08100192774005527,0.09605657800485082,0.1313280889117715,0.12157479924690293,0.09523130862807656,0.1077155219373722,0.14678983516487487,4,2
595,0.16,leaky_ReLU,0.10514113086651174,0.4633716245044839,0.008211168285269235,0.14385135470079957,0.13327766604385252,0.4963591376585217,0.009973633415078212,0.16654426833673305,5,2
596,0.16,leaky_ReLU,0.0872776648395573,0.05761090406895614,0.11698155559398477,0.1981619298992577,0.10881665668990806,0.059506336904140276,0.14050500070661429,0.20281938303866492,6,2
597,0.16,leaky_ReLU,0.07508004757421483,0.2341105577409157,0.028360138484041265,0.03236209952060232,0.11738116993970475,0.248142567817816,0.0346532933165738,0.036506788304322434,7,2
598,0.16,leaky_ReLU,0.12405710747113134,0.09071809855045165,0.0969931202364236,0.1016445726672148,0.15023898172655506,0.11194317628217856,0.12703846732323598,0.1226509130093593,8,2
599,0.16,leaky_ReLU,0.10912038618935833,0.2642113862366879,0.08699671743752503,0.3489827846455465,0.13666869486937525,0.2701898242709089,0.1107611424698381,0.35308855490629676,9,2
600,0.18,leaky_ReLU,0.05021742515980746,0.217261916688293,0.11018551023253984,0.3401873548828317,0.061225868299137384,0.2228549089873255,0.12176280279117149,0.3462330527897797,0,0
601,0.18,leaky_ReLU,0.038785387148475306,0.1131837010926724,0.03815708609005159,0.2692557197965683,0.04433657012551084,0.11471532574774612,0.044036836698080874,0.28970505531503643,1,0
602,0.18,leaky_ReLU,0.10079776314526236,0.38339825194322513,0.10030088198221596,1.482340750529799,0.13398651080327906,0.408161910297828,0.11376484632676417,1.8815512623293433,2,0
603,0.18,leaky_ReLU,0.11850196404077747,0.3930014332908957,0.0533245333716517,0.4158266352997075,0.22795665324643516,0.4011856070846294,0.07683378105304255,0.4250484543676334,3,0
604,0.18,leaky_ReLU,0.10088881352789363,0.05565261291509532,0.09472806513779936,0.13985218707061486,0.18251402020709365,0.06302529262821464,0.10537643301859528,0.15446301498723644,4,0
605,0.18,leaky_ReLU,0.07323960305382536,0.0695137742219008,0.02851570613104954,0.11648207768298897,0.09740256463964093,0.08404946279291639,0.03019564101805454,0.14338275966680308,5,0
606,0.18,leaky_ReLU,0.12511302161712934,0.12665946195464198,0.1299782067622359,0.24429013085099047,0.17710737798801532,0.13431819461071448,0.14523574845513462,0.2480830903265686,6,0
607,0.18,leaky_ReLU,0.1505749177243795,0.15065136309960261,0.1366801780515482,0.10650974633482761,0.2031719645532457,0.15745657824376497,0.148291661577231,0.13078745390632943,7,0
608,0.18,leaky_ReLU,0.08406401179549773,0.12684451747042605,0.10310733403228216,0.16440367271029463,0.13465392979533344,0.14557545029943542,0.11481215560981108,0.17870943682471296,8,0
609,0.18,leaky_ReLU,0.12450405102849633,0.191321992589184,0.10142954098398957,0.312500555718175,0.1913285407984078,0.19278224193737178,0.11262956725388648,0.3170790768105414,9,0
610,0.18,leaky_ReLU,0.11788348657639681,0.28677914939329163,0.11412660847839123,0.2861440890488739,0.13443776873399393,0.29403905388429075,0.12955159699030735,0.2933058644479558,0,1
611,0.18,leaky_ReLU,0.02917428032750642,0.3100567346218095,0.024242308324113948,0.30253409746981547,0.033460642463460366,0.32669881332013895,0.029040393796111365,0.32086953199672297,1,1
612,0.18,leaky_ReLU,0.06358436634402444,0.2800225623686656,0.07248846263134476,0.34819501337013936,0.07049480634792418,0.3209385359792728,0.08842566821106822,0.35106502164931885,2,1
613,0.18,leaky_ReLU,0.08054160411129153,0.3420771637011017,0.07953672275010176,0.48982127420508725,0.12349453066055162,0.3511770904547426,0.11044820271689125,0.497673867708094,3,1
614,0.18,leaky_ReLU,0.0560308137523506,0.05623919946492664,0.0934539624032379,0.14974852688919194,0.12005268385209054,0.06357973877342456,0.10347852719764042,0.16347724635555866,4,1
615,0.18,leaky_ReLU,0.08124589652346452,0.1587232333824791,0.008571163088725266,0.14614775581784525,0.14664188112723026,0.18342255071547559,0.010026571319452818,0.16853174062221932,5,1
616,0.18,leaky_ReLU,0.1741072916162094,0.022818357088390678,0.11941252476639681,0.2096522497969666,0.2756396311869279,0.030274927996202596,0.14028675579382768,0.2140598456500332,6,1
617,0.18,leaky_ReLU,0.13683656461322272,0.07825011690145305,0.1349302651777172,0.10934497102587783,0.16715840598576945,0.09596887814453597,0.14688524223686017,0.1337125424274913,7,1
618,0.18,leaky_ReLU,0.11471080707501495,0.1165675281641163,0.10023553886335321,0.14690646649591002,0.1508966186431861,0.1327147486873313,0.11482445357107304,0.16275750399869843,8,1
619,0.18,leaky_ReLU,0.14944958709426875,0.06436867517284806,0.08250647346670927,0.36911469095807875,0.18847223876578278,0.08012743040407991,0.11479309412703384,0.3729989258804039,9,1
620,0.18,leaky_ReLU,0.05432611635373614,0.03027691574123179,0.11380189255800625,0.2879152667964283,0.059696661455324165,0.03582307365799914,0.12894526522649719,0.2950340510456569,0,2
621,0.18,leaky_ReLU,0.09516906669993551,0.7403930845938693,0.03160106101835298,0.33041460048222543,0.10621812488958635,0.7694327639411009,0.04037753168091374,0.3472811320007882,1,2
622,0.18,leaky_ReLU,0.06642273907300025,0.40369185572507393,0.06921266433203158,0.41942855224567605,0.08103133533346799,0.41986737159920773,0.07758716495726042,0.45094716188952816,2,2
623,0.18,leaky_ReLU,0.13398592690746544,0.4810367418896295,0.0566509603973536,0.4078524354236494,0.16561221619337593,0.5017505305772291,0.076672227083572,0.41725053267388446,3,2
624,0.18,leaky_ReLU,0.09416695260752442,0.48315781258460916,0.09283452401407227,0.15588675571883348,0.13414811871909174,0.5007222562184483,0.10276365804341063,0.1691179156064083,4,2
625,0.18,leaky_ReLU,0.13793536924124944,0.9125242785885957,0.017649833733374358,0.16241795275254267,0.18664508652418055,0.9287969139265697,0.020251316176664726,0.18282060180102702,5,2
626,0.18,leaky_ReLU,0.16060851272172288,0.2570368068775285,0.1132691338493859,0.17077332651479837,0.19012426175941194,0.2584889925825675,0.14475001343452265,0.17615640982864147,6,2
627,0.18,leaky_ReLU,0.12976093899325297,0.2637896286321284,0.10459751484909224,0.19119105691098517,0.15294471105972776,0.26823982600431084,0.14065081002165186,0.20832678300772364,7,2
628,0.18,leaky_ReLU,0.12258681426908127,0.43581706281898497,0.1000570622422809,0.14556789183786778,0.16410280990401582,0.43921722150229175,0.11493513076419781,0.16155032139767958,8,2
629,0.18,leaky_ReLU,0.16788622328935296,0.29504523866747684,0.08176583668495656,0.37625271923140696,0.2007462703996968,0.3136156137713163,0.11702374121991975,0.3800640108664395,9,2
630,0.2,leaky_ReLU,0.03904409737132746,0.08543562215973419,0.11020161518526447,0.3308993358679243,0.043749324307048795,0.10210334169178853,0.1214368260744194,0.33711164456272663,0,0
631,0.2,leaky_ReLU,0.02730772293062635,0.04109578985580966,0.03214513838977955,0.3312968881115658,0.03803841192507041,0.04678040778297017,0.04099545108871983,0.3481206752037683,1,0
632,0.2,leaky_ReLU,0.08650179923117589,0.20222896108329041,0.09762240850048522,0.6944625647159506,0.09723791587426427,0.2227929060973743,0.1310148495577969,0.7305867990901009,2,0
633,0.2,leaky_ReLU,0.07689433265220431,0.3782467812930335,0.048389298766918394,0.45370207627183395,0.09810289984469152,0.3843947871270497,0.08807835533652185,0.46216876998452766,3,0
634,0.2,leaky_ReLU,0.11909399527774359,0.32651738814119574,0.10041811467081133,0.23181550916955326,0.15663801782291675,0.3299942486084716,0.1223431848895319,0.2409120566971529,4,0
635,0.2,leaky_ReLU,0.08704008201847026,0.2257792637934748,0.05017452587865316,0.19494355326593918,0.11223822900555003,0.22818399386782018,0.0511479646465671,0.2122422437369916,5,0
636,0.2,leaky_ReLU,0.10556167463996978,0.006068626509806101,0.12041464164097555,0.21372821880480572,0.15765327917693672,0.007889411934762173,0.14043533451131893,0.2180534411291445,6,0
637,0.2,leaky_ReLU,0.15488680369710445,0.3390517112170558,0.06748175681856665,0.14673310789830196,0.1863302099348353,0.34046481859724953,0.09729670630446612,0.17310076739915392,7,0
638,0.2,leaky_ReLU,0.14574811749812325,0.11854811499937408,0.12127168707631343,0.2289848595985935,0.1792221072691481,0.1289710049442372,0.13591220573785728,0.2394630684154865,8,0
639,0.2,leaky_ReLU,0.11315803250147344,0.4256116757736218,0.09791171507053927,0.32081864125397097,0.14553449975603824,0.48085098473319315,0.11115746246804598,0.3252801011480738,9,0
640,0.2,leaky_ReLU,0.06691986316748767,0.23635208819923284,0.11018551023253984,0.3335989719359296,0.07526867959014188,0.24156742308568496,0.12145846655508188,0.3397619232619539,0,1
641,0.2,leaky_ReLU,0.1275585011682468,1.3339575900131233,0.03799539617076592,0.34002274132730986,0.16356714027774433,1.4016876133856715,0.04755792577113119,0.35643490436776654,1,1
642,0.2,leaky_ReLU,0.10008795606812847,0.9658357239583133,0.09512233585359867,0.8002883789732835,0.12903603429883617,1.0243513093790493,0.14342327606168556,0.8407126606698243,2,1
643,0.2,leaky_ReLU,0.06469677643456083,0.11752928657464443,0.05614891178992735,0.4089749477512512,0.08678124565839003,0.13818239155894,0.0766448320464321,0.41834782875470605,3,1
644,0.2,leaky_ReLU,0.0990852222164,0.10103086278148839,0.0982929028713416,0.11978137812516985,0.11661046221565825,0.11532603576703841,0.11184619710687227,0.1365568281561852,4,1
645,0.2,leaky_ReLU,0.12949286283257364,1.255335660522952,0.019711365202503717,0.12515240080329373,0.19202221457171081,1.2614594279586495,0.021987343606598635,0.1506881033572019,5,1
646,0.2,leaky_ReLU,0.13762276276837318,0.08477682397662524,0.12477558332018363,0.22913523257727852,0.22362151905235714,0.09792027178238194,0.14205603647233758,0.2331748410164139,6,1
647,0.2,leaky_ReLU,0.10347436261899533,0.12059422980093593,0.1099405083287677,0.16802973903098564,0.1698692352040076,0.1397322366660424,0.13713355150754242,0.18729661362242708,7,1
648,0.2,leaky_ReLU,0.13738085894969032,0.3441393372216521,0.10675161533312315,0.18143777301041897,0.1901097691711202,0.3796927822056072,0.11733410202472953,0.19449462893497269,8,1
649,0.2,leaky_ReLU,0.18175367037192264,0.9229926645934194,0.09028876313467575,0.33980375814822483,0.27307281558794294,1.0610900129888363,0.11010190728160167,0.344019094932991,9,1
650,0.2,leaky_ReLU,0.10274283017274238,0.29799644089401534,0.11384513660984516,0.3891653591226647,0.12496996925493618,0.3200767063574432,0.1345287439752318,0.3944611098232947,0,2
651,0.2,leaky_ReLU,0.09751872446888851,0.45066856760221197,0.02748326921674159,0.2904184226485623,0.12095939935085864,0.4645240411490886,0.031399495860215225,0.30947251355427224,1,2
652,0.2,leaky_ReLU,0.09226767068038623,0.42357420550678215,0.10103305850853132,0.6470219171734686,0.11306090268891661,0.4437982879753613,0.1278474381008422,0.681356635631812,2,2
653,0.2,leaky_ReLU,0.08921660901559753,0.9444933036523632,0.04644558639242729,0.44636581559312516,0.12693719652423158,1.0036872861341566,0.08470285024349039,0.4549690530857611,3,2
654,0.2,leaky_ReLU,0.13862767050888944,1.2542620914602065,0.09361228630662793,0.1483914648601344,0.18881103675109523,1.3848956425380297,0.1036849694678057,0.16223506283738262,4,2
655,0.2,leaky_ReLU,0.12918682447515623,0.145909687302072,0.015610891404892835,0.12945192635724093,0.15911124714753339,0.17159108011651666,0.018254994502969583,0.15427761439743296,5,2
656,0.2,leaky_ReLU,0.11229411956765083,0.10954450287440502,0.12214258035935144,0.22022484353544466,0.14900301495335397,0.11313705067539913,0.14091575218609662,0.22442489475322794,6,2
657,0.2,leaky_ReLU,0.1443551082636478,2.766237926478079,0.10778943002462157,0.17620062201343087,0.2005296304297496,2.963231971178546,0.137941318052425,0.19466044147059652,7,2
658,0.2,leaky_ReLU,0.19145642153266978,0.34920577174360495,0.10703434571785819,0.1826204912742828,0.23083156906441843,0.43480424070672147,0.11759883833293279,0.19559841267973727,8,2
659,0.2,leaky_ReLU,0.12200038310600576,1.2156960471802674,0.08288479041789754,0.36640494266332085,0.201864638292473,1.2430622621523402,0.11405190327266139,0.3703176010331787,9,2
